# Created by Octave 6.2.0, Sat May 22 15:32:45 2021 GMT <unknown@DESKTOP-PM2CTTO>
# name: confMatrix1
# type: matrix
# ndims: 3
 10 11 50
 4938
 11
 82
 152
 15
 5
 1012
 0
 17
 1
 4
 5693
 4
 36
 7
 0
 14
 0
 3
 0
 137
 32
 4580
 78
 376
 0
 834
 0
 31
 0
 534
 234
 81
 5486
 334
 6
 348
 0
 84
 2
 31
 12
 899
 164
 4830
 0
 598
 0
 29
 0
 22
 3
 10
 7
 5
 5490
 14
 237
 40
 115
 235
 10
 278
 60
 402
 1
 3027
 0
 46
 2
 0
 0
 2
 0
 0
 339
 6
 5505
 25
 291
 97
 5
 64
 16
 30
 20
 145
 16
 5721
 3
 2
 0
 0
 1
 1
 139
 2
 242
 4
 5586
 0
 0
 0
 0
 0
 0
 0
 0
 0
 0
 5024
 13
 79
 156
 10
 4
 986
 0
 18
 1
 3
 5738
 4
 23
 6
 0
 8
 0
 1
 0
 131
 30
 4692
 54
 373
 0
 733
 0
 36
 0
 451
 199
 84
 5531
 306
 4
 293
 0
 64
 2
 28
 9
 795
 161
 4940
 0
 582
 0
 30
 1
 13
 2
 5
 1
 3
 5587
 4
 190
 20
 102
 273
 7
 292
 65
 338
 1
 3286
 0
 51
 1
 0
 0
 2
 0
 2
 285
 4
 5586
 24
 265
 76
 1
 47
 9
 22
 15
 103
 16
 5752
 3
 1
 1
 0
 0
 0
 104
 1
 208
 4
 5625
 0
 0
 0
 0
 0
 0
 0
 0
 0
 0
 5074
 10
 73
 144
 9
 5
 949
 0
 16
 2
 3
 5762
 3
 20
 8
 0
 10
 0
 0
 0
 130
 27
 4729
 46
 370
 0
 651
 0
 30
 0
 407
 178
 73
 5544
 282
 2
 262
 0
 56
 1
 26
 10
 766
 170
 5013
 0
 537
 1
 29
 1
 9
 1
 4
 0
 2
 5638
 3
 162
 14
 91
 282
 10
 311
 67
 296
 1
 3495
 0
 44
 1
 0
 0
 2
 0
 2
 243
 4
 5639
 24
 252
 68
 1
 39
 9
 18
 14
 89
 15
 5785
 2
 1
 1
 0
 0
 0
 97
 0
 183
 2
 5650
 0
 0
 0
 0
 0
 0
 0
 0
 0
 0
 5126
 10
 63
 138
 9
 5
 926
 0
 15
 2
 3
 5779
 2
 17
 11
 0
 10
 0
 1
 0
 125
 24
 4761
 41
 349
 0
 600
 0
 26
 0
 359
 165
 72
 5564
 259
 2
 252
 0
 53
 0
 28
 10
 755
 164
 5074
 0
 520
 1
 28
 2
 9
 1
 3
 0
 2
 5670
 2
 141
 12
 79
 292
 9
 307
 65
 277
 2
 3605
 0
 42
 1
 0
 0
 1
 1
 1
 218
 4
 5672
 22
 244
 57
 1
 36
 10
 18
 12
 81
 15
 5798
 2
 1
 1
 0
 0
 0
 91
 0
 171
 3
 5670
 0
 0
 0
 0
 0
 0
 0
 0
 0
 0
 5159
 11
 59
 137
 10
 5
 895
 0
 17
 2
 5
 5786
 2
 17
 11
 0
 10
 0
 2
 0
 110
 21
 4784
 45
 338
 0
 556
 0
 24
 0
 334
 160
 71
 5572
 248
 2
 244
 0
 47
 0
 27
 11
 737
 161
 5116
 0
 507
 1
 28
 2
 7
 1
 3
 0
 2
 5690
 2
 132
 11
 73
 301
 9
 306
 59
 256
 1
 3707
 0
 39
 1
 0
 0
 2
 1
 1
 206
 4
 5694
 19
 225
 56
 1
 36
 7
 18
 12
 75
 15
 5811
 2
 1
 0
 0
 1
 0
 84
 0
 158
 2
 5695
 0
 0
 0
 0
 0
 0
 0
 0
 0
 0
 5187
 10
 62
 130
 11
 5
 880
 0
 18
 1
 4
 5792
 3
 17
 11
 0
 10
 0
 3
 0
 109
 22
 4809
 44
 322
 0
 542
 0
 23
 0
 309
 153
 74
 5583
 245
 1
 235
 0
 42
 0
 26
 10
 724
 158
 5140
 0
 498
 1
 26
 2
 6
 1
 2
 0
 1
 5717
 3
 123
 12
 66
 305
 11
 293
 58
 254
 1
 3755
 0
 36
 1
 0
 0
 2
 1
 1
 184
 3
 5706
 17
 215
 53
 1
 31
 8
 15
 13
 74
 15
 5821
 2
 1
 0
 0
 1
 0
 79
 0
 155
 2
 5713
 0
 0
 0
 0
 0
 0
 0
 0
 0
 0
 5220
 8
 68
 120
 12
 4
 863
 0
 19
 1
 3
 5798
 4
 17
 11
 0
 10
 0
 2
 0
 111
 21
 4822
 44
 314
 0
 519
 0
 23
 0
 294
 150
 73
 5594
 242
 1
 230
 0
 41
 0
 27
 11
 713
 156
 5160
 0
 487
 1
 26
 2
 6
 1
 2
 0
 2
 5736
 3
 118
 11
 57
 291
 10
 285
 58
 244
 1
 3818
 0
 33
 1
 0
 0
 2
 1
 1
 172
 3
 5715
 17
 209
 47
 1
 31
 9
 14
 13
 67
 14
 5826
 3
 1
 0
 0
 1
 0
 73
 0
 152
 2
 5727
 0
 0
 0
 0
 0
 0
 0
 0
 0
 0
 5239
 8
 68
 118
 12
 4
 843
 0
 18
 1
 3
 5804
 4
 17
 11
 0
 11
 0
 3
 0
 112
 20
 4844
 43
 306
 0
 502
 0
 24
 0
 278
 146
 72
 5598
 241
 1
 226
 0
 40
 0
 26
 11
 707
 155
 5182
 0
 475
 1
 23
 2
 5
 0
 2
 0
 2
 5756
 4
 117
 11
 53
 292
 10
 270
 60
 232
 1
 3873
 0
 30
 1
 0
 0
 2
 1
 1
 160
 2
 5726
 15
 200
 44
 1
 30
 8
 13
 11
 64
 12
 5834
 3
 1
 0
 1
 0
 0
 67
 0
 144
 2
 5740
 0
 0
 0
 0
 0
 0
 0
 0
 0
 0
 5259
 8
 67
 114
 13
 4
 822
 0
 18
 1
 3
 5811
 4
 17
 10
 0
 9
 0
 3
 0
 115
 21
 4870
 42
 297
 0
 495
 0
 25
 0
 264
 139
 76
 5610
 241
 1
 222
 0
 38
 0
 23
 11
 693
 153
 5201
 0
 468
 1
 23
 2
 7
 0
 2
 0
 2
 5775
 3
 117
 11
 50
 286
 9
 257
 55
 223
 1
 3917
 0
 30
 1
 0
 0
 2
 1
 1
 156
 3
 5730
 15
 199
 42
 1
 28
 8
 12
 10
 61
 10
 5835
 3
 1
 0
 1
 0
 0
 53
 0
 142
 2
 5744
 0
 0
 0
 0
 0
 0
 0
 0
 0
 0
 5269
 9
 64
 109
 13
 3
 815
 0
 18
 1
 3
 5812
 4
 17
 9
 0
 9
 0
 3
 0
 114
 21
 4885
 39
 290
 0
 497
 0
 26
 0
 258
 135
 75
 5626
 240
 2
 219
 0
 37
 0
 22
 12
 691
 143
 5217
 0
 457
 1
 22
 2
 7
 0
 2
 0
 2
 5795
 3
 115
 9
 48
 284
 10
 251
 57
 216
 1
 3937
 0
 31
 2
 0
 0
 2
 1
 1
 144
 3
 5738
 14
 196
 42
 1
 25
 7
 12
 8
 60
 10
 5838
 3
 1
 0
 1
 1
 0
 47
 0
 136
 2
 5748
 0
 0
 0
 0
 0
 0
 0
 0
 0
 0
 5287
 9
 66
 104
 12
 2
 806
 0
 16
 1
 3
 5814
 4
 17
 9
 1
 10
 0
 4
 0
 110
 21
 4903
 39
 287
 0
 494
 1
 24
 0
 255
 133
 77
 5632
 238
 1
 215
 0
 37
 0
 21
 12
 684
 139
 5233
 0
 446
 0
 22
 2
 7
 0
 2
 0
 2
 5804
 3
 110
 9
 46
 275
 10
 239
 60
 207
 1
 3966
 0
 30
 2
 0
 0
 2
 1
 0
 143
 3
 5747
 11
 194
 41
 1
 22
 7
 12
 8
 57
 10
 5845
 3
 1
 0
 1
 1
 0
 40
 0
 132
 2
 5752
 0
 0
 0
 0
 0
 0
 0
 0
 0
 0
 5301
 8
 65
 106
 14
 2
 798
 0
 16
 0
 3
 5818
 4
 17
 8
 1
 10
 0
 4
 0
 114
 22
 4921
 38
 284
 0
 481
 0
 23
 0
 244
 129
 79
 5635
 238
 1
 210
 0
 37
 0
 22
 11
 679
 139
 5243
 0
 441
 0
 22
 2
 6
 1
 1
 0
 2
 5814
 3
 106
 9
 44
 270
 10
 227
 60
 199
 1
 3998
 0
 27
 2
 0
 0
 2
 0
 0
 139
 3
 5755
 10
 191
 39
 1
 22
 5
 12
 8
 56
 11
 5850
 4
 1
 0
 0
 0
 0
 34
 0
 128
 2
 5757
 0
 0
 0
 0
 0
 0
 0
 0
 0
 0
 5325
 8
 63
 105
 14
 1
 789
 0
 18
 0
 3
 5821
 4
 18
 8
 1
 10
 0
 4
 0
 115
 21
 4931
 36
 282
 0
 471
 0
 23
 0
 231
 128
 77
 5638
 228
 1
 205
 0
 37
 0
 24
 11
 678
 137
 5256
 0
 436
 0
 22
 2
 6
 1
 1
 0
 2
 5821
 3
 103
 9
 44
 259
 9
 222
 61
 199
 1
 4028
 0
 24
 2
 0
 0
 2
 0
 0
 136
 3
 5762
 10
 190
 36
 1
 22
 5
 11
 8
 55
 11
 5851
 4
 1
 0
 0
 0
 0
 31
 0
 124
 2
 5758
 0
 0
 0
 0
 0
 0
 0
 0
 0
 0
 5345
 8
 59
 105
 14
 1
 783
 0
 18
 0
 3
 5825
 4
 19
 8
 1
 10
 0
 4
 0
 115
 21
 4954
 37
 277
 1
 467
 0
 24
 0
 225
 126
 77
 5646
 229
 1
 204
 0
 37
 0
 22
 11
 667
 128
 5266
 0
 427
 0
 21
 2
 5
 1
 1
 0
 2
 5824
 3
 98
 9
 41
 249
 7
 216
 60
 193
 1
 4049
 0
 22
 1
 0
 0
 2
 0
 0
 134
 3
 5769
 10
 186
 35
 1
 20
 5
 11
 7
 54
 11
 5854
 4
 1
 0
 0
 0
 0
 30
 0
 122
 1
 5766
 0
 0
 0
 0
 0
 0
 0
 0
 0
 0
 5360
 9
 58
 105
 16
 1
 777
 0
 19
 0
 3
 5825
 4
 20
 8
 1
 10
 0
 3
 0
 115
 23
 4968
 36
 271
 1
 462
 0
 25
 0
 216
 123
 77
 5652
 227
 1
 203
 0
 35
 0
 21
 11
 659
 125
 5274
 0
 413
 0
 21
 0
 6
 1
 1
 0
 2
 5829
 2
 87
 9
 40
 245
 7
 212
 58
 191
 1
 4077
 0
 22
 1
 0
 0
 2
 0
 0
 130
 3
 5782
 10
 183
 33
 1
 19
 4
 11
 7
 53
 11
 5855
 4
 1
 0
 0
 0
 0
 29
 0
 120
 1
 5772
 0
 0
 0
 0
 0
 0
 0
 0
 0
 0
 5371
 10
 56
 102
 16
 1
 773
 0
 20
 0
 3
 5825
 4
 19
 8
 1
 10
 0
 3
 0
 113
 23
 4988
 36
 267
 0
 452
 0
 24
 0
 208
 122
 77
 5660
 223
 1
 201
 0
 36
 0
 21
 13
 649
 123
 5283
 0
 406
 0
 19
 0
 5
 0
 1
 0
 2
 5833
 1
 78
 9
 38
 244
 6
 205
 56
 190
 1
 4101
 0
 23
 1
 0
 0
 2
 0
 0
 127
 3
 5797
 10
 182
 34
 1
 18
 4
 11
 7
 53
 11
 5855
 3
 1
 0
 0
 0
 0
 29
 0
 114
 1
 5776
 0
 0
 0
 0
 0
 0
 0
 0
 0
 0
 5382
 9
 54
 101
 17
 1
 768
 0
 19
 0
 3
 5827
 4
 18
 7
 2
 10
 0
 3
 0
 113
 23
 5008
 37
 258
 0
 443
 0
 22
 0
 203
 121
 75
 5663
 222
 1
 196
 1
 37
 0
 21
 12
 636
 122
 5292
 0
 395
 0
 19
 0
 5
 0
 1
 0
 2
 5843
 1
 76
 9
 38
 239
 7
 202
 55
 191
 1
 4135
 0
 22
 1
 0
 0
 2
 0
 0
 120
 2
 5805
 10
 181
 33
 1
 18
 4
 11
 7
 50
 10
 5858
 3
 1
 0
 0
 0
 0
 25
 0
 108
 1
 5777
 0
 0
 0
 0
 0
 0
 0
 0
 0
 0
 5392
 9
 54
 101
 20
 1
 760
 0
 18
 0
 3
 5830
 4
 19
 6
 2
 10
 0
 4
 0
 112
 22
 5018
 37
 259
 0
 433
 0
 21
 0
 195
 121
 74
 5667
 214
 1
 194
 1
 37
 0
 21
 10
 630
 113
 5304
 0
 394
 0
 19
 0
 5
 0
 1
 0
 3
 5849
 1
 73
 10
 36
 238
 7
 198
 59
 184
 1
 4158
 0
 23
 1
 0
 0
 3
 0
 0
 116
 2
 5809
 10
 182
 33
 1
 18
 4
 10
 7
 48
 10
 5857
 3
 1
 0
 0
 0
 0
 23
 0
 107
 1
 5778
 0
 0
 0
 0
 0
 0
 0
 0
 0
 0
 5398
 11
 55
 97
 20
 1
 753
 0
 19
 0
 3
 5833
 4
 19
 6
 2
 10
 0
 4
 0
 114
 21
 5031
 36
 254
 1
 420
 0
 19
 0
 194
 117
 71
 5677
 213
 1
 190
 1
 36
 0
 21
 10
 626
 110
 5316
 0
 385
 0
 20
 0
 4
 0
 1
 0
 2
 5852
 1
 73
 10
 36
