# Created by Octave 6.2.0, Wed May 26 21:04:08 2021 GMT <unknown@DESKTOP-PM2CTTO>
# name: confMatrix2
# type: matrix
# ndims: 3
 10 11 50
 829
 3
 24
 35
 1
 0
 200
 0
 1
 0
 2
 951
 2
 13
 4
 0
 3
 0
 2
 0
 16
 4
 720
 20
 83
 0
 125
 0
 6
 0
 52
 31
 9
 846
 31
 2
 44
 0
 8
 0
 8
 6
 149
 52
 773
 0
 96
 0
 5
 0
 9
 0
 4
 2
 1
 925
 5
 102
 17
 39
 65
 3
 78
 23
 98
 0
 497
 0
 12
 1
 0
 0
 0
 0
 0
 35
 0
 843
 4
 39
 19
 2
 14
 8
 9
 7
 30
 1
 943
 0
 0
 0
 0
 1
 0
 31
 0
 54
 2
 921
 0
 0
 0
 0
 0
 0
 0
 0
 0
 0
 848
 3
 25
 32
 1
 0
 189
 0
 2
 0
 3
 956
 0
 8
 3
 0
 0
 0
 0
 0
 10
 3
 739
 16
 90
 0
 107
 0
 6
 0
 43
 27
 10
 857
 29
 2
 42
 0
 5
 0
 7
 5
 137
 57
 786
 0
 84
 0
 7
 0
 8
 0
 3
 2
 1
 940
 2
 86
 11
 32
 65
 4
 79
 22
 85
 0
 556
 0
 8
 1
 0
 0
 0
 0
 0
 29
 0
 867
 5
 41
 16
 2
 7
 6
 5
 3
 20
 1
 956
 0
 0
 0
 0
 0
 0
 26
 0
 46
 0
 926
 0
 0
 0
 0
 0
 0
 0
 0
 0
 0
 845
 5
 20
 35
 1
 0
 183
 0
 0
 0
 4
 957
 1
 9
 1
 0
 0
 0
 0
 0
 11
 2
 753
 14
 90
 0
 100
 0
 7
 0
 45
 27
 11
 860
 28
 2
 39
 0
 5
 0
 8
 4
 134
 54
 799
 0
 81
 0
 8
 0
 6
 0
 2
 2
 1
 949
 0
 78
 10
 32
 68
 4
 74
 20
 74
 0
 582
 0
 7
 1
 0
 0
 0
 0
 0
 22
 0
 879
 5
 41
 13
 1
 5
 6
 6
 2
 15
 0
 958
 0
 0
 0
 0
 0
 0
 25
 0
 43
 0
 926
 0
 0
 0
 0
 0
 0
 0
 0
 0
 0
 849
 5
 21
 35
 0
 0
 177
 0
 0
 0
 2
 958
 2
 8
 1
 0
 0
 0
 1
 0
 12
 2
 759
 13
 86
 0
 95
 0
 7
 0
 43
 26
 11
 864
 26
 1
 38
 0
 5
 0
 10
 4
 131
 52
 810
 0
 82
 0
 8
 0
 6
 0
 2
 2
 1
 952
 0
 67
 7
 29
 65
 4
 70
 21
 69
 0
 593
 0
 6
 1
 0
 0
 0
 0
 0
 20
 0
 893
 4
 41
 13
 1
 4
 5
 7
 2
 15
 0
 962
 0
 0
 0
 0
 0
 0
 25
 0
 40
 0
 929
 0
 0
 0
 0
 0
 0
 0
 0
 0
 0
 849
 4
 21
 35
 0
 0
 178
 0
 0
 0
 2
 958
 2
 9
 1
 0
 0
 0
 1
 0
 13
 2
 762
 11
 87
 0
 91
 0
 7
 0
 40
 26
 11
 866
 25
 1
 37
 0
 5
 0
 11
 4
 131
 52
 813
 0
 78
 0
 8
 0
 6
 0
 2
 2
 1
 954
 0
 65
 7
 26
 67
 5
 67
 21
 66
 0
 600
 0
 7
 1
 0
 0
 0
 0
 0
 17
 0
 895
 4
 41
 12
 1
 4
 4
 7
 1
 15
 0
 961
 0
 0
 0
 0
 0
 0
 27
 1
 40
 0
 932
 0
 0
 0
 0
 0
 0
 0
 0
 0
 0
 853
 4
 19
 34
 0
 0
 172
 0
 0
 0
 2
 958
 1
 9
 1
 0
 0
 0
 1
 0
 13
 2
 767
 10
 87
 0
 89
 0
 5
 0
 35
 26
 12
 873
 26
 1
 34
 0
 5
 0
 10
 4
 124
 49
 814
 0
 77
 0
 8
 1
 6
 0
 2
 2
 1
 955
 0
 55
 7
 22
 69
 5
 71
 19
 64
 0
 612
 0
 7
 1
 0
 0
 0
 0
 0
 18
 0
 906
 4
 39
 12
 1
 4
 4
 7
 2
 15
 0
 963
 0
 0
 0
 0
 0
 0
 24
 1
 39
 0
 937
 0
 0
 0
 0
 0
 0
 0
 0
 0
 0
 859
 4
 19
 35
 0
 0
 173
 0
 1
 0
 1
 959
 1
 9
 1
 0
 0
 0
 1
 0
 14
 3
 771
 10
 86
 0
 87
 0
 5
 0
 33
 26
 12
 873
 26
 1
 31
 0
 4
 0
 9
 4
 120
 48
 815
 0
 77
 0
 8
 1
 6
 0
 2
 2
 1
 954
 0
 48
 7
 19
 66
 3
 71
 19
 64
 0
 618
 0
 7
 1
 0
 0
 0
 0
 0
 18
 0
 911
 4
 37
 12
 1
 4
 4
 7
 2
 13
 0
 963
 0
 0
 0
 0
 0
 0
 25
 1
 41
 0
 942
 0
 0
 0
 0
 0
 0
 0
 0
 0
 0
 861
 4
 21
 34
 0
 0
 171
 0
 1
 0
 1
 960
 0
 9
 1
 0
 0
 0
 1
 0
 14
 3
 773
 9
 86
 0
 86
 0
 6
 0
 32
 25
 12
 872
 26
 1
 30
 0
 4
 0
 8
 4
 119
 49
 814
 0
 79
 0
 8
 1
 5
 0
 2
 2
 1
 956
 0
 44
 7
 17
 67
 3
 70
 21
 65
 0
 620
 0
 6
 1
 0
 0
 0
 0
 0
 18
 0
 918
 4
 36
 12
 1
 3
 4
 7
 2
 13
 0
 963
 0
 0
 0
 0
 0
 0
 23
 1
 38
 0
 945
 0
 0
 0
 0
 0
 0
 0
 0
 0
 0
 860
 4
 19
 31
 0
 0
 169
 0
 2
 0
 1
 960
 0
 9
 1
 0
 0
 0
 1
 0
 15
 3
 783
 9
 86
 0
 83
 0
 4
 0
 30
 25
 11
 877
 26
 1
 29
 0
 4
 0
 7
 4
 111
 46
 814
 0
 79
 0
 8
 1
 5
 0
 2
 2
 0
 954
 0
 42
 7
 16
 70
 3
 71
 22
 66
 0
 627
 0
 5
 1
 0
 0
 0
 0
 0
 19
 0
 919
 4
 37
 12
 1
 3
 4
 7
 2
 13
 0
 965
 0
 0
 0
 0
 0
 0
 24
 0
 39
 0
 945
 0
 0
 0
 0
 0
 0
 0
 0
 0
 0
 859
 4
 19
 29
 0
 0
 165
 0
 2
 0
 1
 962
 0
 9
 1
 0
 0
 0
 1
 0
 15
 3
 786
 10
 86
 0
 81
 0
 4
 0
 31
 23
 11
 881
 27
 1
 30
 0
 4
 0
 7
 4
 108
 42
 812
 0
 79
 0
 6
 1
 4
 0
 2
 2
 0
 956
 0
 40
 7
 14
 70
 3
 71
 23
 67
 0
 632
 0
 5
 1
 0
 0
 0
 0
 0
 21
 0
 924
 4
 36
 13
 1
 3
 4
 7
 2
 13
 0
 967
 0
 0
 0
 0
 0
 0
 20
 0
 36
 0
 948
 0
 0
 0
 0
 0
 0
 0
 0
 0
 0
 859
 4
 19
 28
 0
 0
 160
 0
 2
 0
 1
 963
 0
 9
 1
 0
 0
 0
 1
 0
 16
 3
 786
 10
 86
 0
 78
 0
 4
 0
 31
 22
 12
 881
 27
 1
 32
 0
 4
 0
 7
 4
 110
 42
 814
 0
 79
 0
 6
 1
 3
 0
 2
 2
 0
 951
 0
 39
 7
 14
 70
 3
 70
 24
 65
 0
 638
 0
 5
 1
 0
 0
 0
 0
 0
 25
 0
 926
 4
 35
 13
 1
 1
 4
 7
 3
 13
 0
 967
 0
 0
 0
 0
 0
 0
 20
 0
 35
 0
 949
 0
 0
 0
 0
 0
 0
 0
 0
 0
 0
 858
 4
 19
 29
 0
 0
 158
 0
 1
 0
 1
 962
 0
 9
 1
 0
 0
 0
 1
 0
 16
 3
 791
 11
 88
 0
 77
 0
 4
 0
 31
 22
 12
 882
 29
 1
 32
 0
 4
 0
 7
 5
 109
 40
 811
 0
 78
 0
 6
 1
 3
 0
 2
 2
 0
 950
 0
 35
 7
 13
 71
 3
 66
 23
 64
 0
 641
 0
 5
 1
 0
 0
 0
 0
 0
 26
 0
 931
 4
 36
 13
 1
 1
 4
 7
 3
 14
 0
 968
 0
 0
 0
 0
 0
 0
 20
 0
 34
 0
 949
 0
 0
 0
 0
 0
 0
 0
 0
 0
 0
 857
 4
 19
 27
 0
 0
 152
 0
 1
 0
 1
 962
 0
 9
 1
 0
 0
 0
 1
 0
 15
 3
 797
 11
 88
 0
 76
 0
 4
 0
 30
 22
 12
 886
 29
 1
 32
 0
 4
 0
 7
 5
 106
 38
 811
 0
 81
 0
 6
 1
 2
 0
 2
 2
 0
 950
 0
 32
 7
 13
 75
 3
 63
 24
 64
 0
 645
 0
 4
 1
 0
 0
 0
 0
 0
 26
 0
 938
 4
 37
 13
 1
 1
 3
 7
 3
 14
 0
 969
 0
 0
 0
 0
 0
 0
 20
 0
 30
 0
 948
 0
 0
 0
 0
 0
 0
 0
 0
 0
 0
 856
 4
 20
 27
 0
 0
 146
 0
 1
 0
 1
 962
 0
 9
 1
 0
 0
 0
 1
 0
 15
 3
 797
 12
 89
 0
 77
 0
 4
 0
 30
 22
 12
 887
 30
 1
 33
 0
 5
 0
 7
 5
 104
 36
 810
 0
 78
 0
 5
 1
 2
 0
 2
 2
 0
 950
 0
 26
 5
 12
 76
 3
 64
 24
 64
 0
 653
 0
 4
 1
 0
 0
 0
 0
 0
 26
 0
 944
 4
 37
 13
 1
 1
 3
 6
 3
 13
 0
 971
 0
 0
 0
 0
 0
 0
 20
 0
 30
 0
 949
 0
 0
 0
 0
 0
 0
 0
 0
 0
 0
 856
 4
 21
 26
 0
 0
 143
 0
 1
 0
 1
 962
 0
 9
 1
 0
 0
 0
 1
 0
 14
 3
 798
 13
 89
 0
 78
 0
 4
 0
 29
 22
 12
 886
 30
 1
 33
 0
 5
 0
 7
 5
 103
 37
 809
 0
 76
 0
 5
 1
 2
 0
 2
 2
 0
 949
 0
 26
 5
 11
 78
 3
 63
 24
 65
 0
 657
 0
 4
 1
 0
 0
 0
 0
 0
 27
 0
 944
 4
 38
 13
 1
 1
 3
 6
 3
 13
 0
 971
 0
 0
 0
 0
 0
 0
 20
 0
 30
 0
 949
 0
 0
 0
 0
 0
 0
 0
 0
 0
 0
 855
 4
 19
 26
 1
 0
 140
 0
 1
 0
 1
 962
 0
 9
 1
 0
 1
 0
 1
 0
 15
 3
 798
 13
 92
 0
 78
 0
 4
 0
 29
 22
 12
 887
 30
 1
 33
 0
 5
 0
 6
 5
 103
 36
 808
 0
 77
 0
 5
 1
 2
 0
 1
 2
 0
 949
 0
 26
 5
 11
 79
 3
 66
 24
 62
 0
 658
 0
 5
 1
 0
 0
 0
 0
 0
 27
 0
 945
 4
 37
 13
 1
 1
 3
 6
 3
 13
 0
 970
 0
 0
 0
 0
 0
 0
 20
 0
 29
 0
 950
 0
 0
 0
 0
 0
 0
 0
 0
 0
 0
 853
 4
 19
 26
 1
 0
 137
 0
 1
 0
 1
 962
 0
 9
 1
 0
 1
 0
 1
 0
 15
 3
 798
 13
 91
 0
 78
 0
 4
 0
 30
 22
 12
 887
 30
 1
 33
 0
 5
 0
 7
 5
 103
 36
 809
 0
 78
 0
 5
 1
 2
 0
 1
 2
 0
 949
 0
 26
 5
 11
 80
 3
 66
 24
 62
 0
 660
 0
 6
 1
 0
 0
 0
 0
 0
 27
 0
 945
 4
 38
 12
 1
 1
 3
 6
 3
 13
 0
 969
 0
 0
 0
 0
 0
 0
 20
 0
 29
 0
 949
 0
 0
 0
 0
 0
 0
 0
 0
 0
 0
 852
 4
 19
 26
 1
 0
 137
 0
 1
 0
 1
 962
 0
 9
 1
 0
 1
 0
 1
 0
 14
 3
 799
 13
 91
 0
 81
 0
 4
 0
 30
 22
 12
 887
 30
 1
 32
 0
 5
 0
 7
 5
 101
 36
 809
 0
 78
 0
 5
 1
 2
 0
 1
 2
 0
 949
 0
 26
 5
 11
 82
 3
 67
 24
 62
 0
 658
 0
 6
 1
 0
 0
 0
 0
 0
 27
 0
 945
 4
 37
 12
 1
 1
 3
 6
 3
 13
 0
 969
 0
 0
 0
 0
 0
 0
 20
 0
 29
 0
 950
 0
 0
 0
 0
 0
 0
 0
 0
 0
 0
 849
 4
 19
 26
 1
 0
 136
 0
 1
 0
 1
 962
 0
 9
 1
 0
 1
 0
 1
 0
 15
 3
 799
 13
 91
 0
 84
 0
 4
 0
 30
 22
 12
 888
 31
 1
 32
 0
 5
 0
 7
 5
 100
 35
 807
 0
 75
 0
 5
 1
 2
 0
 1
 2
 0
 949
 0
 26
 5
 11
 84
 3
 68
 24
 63
 0
 659
 0
 6
 1
 0
 0
 0
 0
 0
 27
 0
 945
 4
 37
 12
 1
 1
 3
 6
 3
 13
 0
 969
 0
 0
 0
 0
 0
 0
 20
 0
 29
 0
 950
 0
 0
 0
 0
 0
 0
 0
 0
 0
 0
 847
 4
 19
 26
 1
 0
 134
 0
 1
 0
 1
 963
 0
 9
 1
 0
 1
 0
 1
 0
 15
 3
 800
 13
 91
 0
 84
 0
 5
 0
 30
 22
 12
 888
 31
 1
 33
 0
 5
 0
 7
 4
 98
 35
 807
 0
 75
 0
 5
 1
 2
 0
 1
 2
 0
 949
 0
 25
 5
 11
 86
 3
 69
 24
 63
 0
 660
 0
 6
 1
 0
 0
 0
 0
 0
 27
 0
 946
 4
 38
 12
 1
 1
 3
 6
 3
 13
 0
 968
 0
 0
 0
 0
 0
 0
 20
 0
 29
 0
 949
 0
 0
 0
 0
 0
 0
 0
 0
 0
 0
 845
 4
 19
 26
 1
 0
 131
 0
 1
 0
 1
 964
 0
 9
 1
 0
 1
 0
 1
 0
 15
 3
 801
 13
 92
 0
 83
 0
 5
 0
 30
 21
 13
 888
 31
 1
 33
 0
 5
 0
 7
 4
 96
 35
 805
 0
 75
 0
 5
 1
 2
 0
 1
 2
 0
 949
 0
 25
 5
 11
 88
 3
 69
 24
 64
 0
 664
 0
 6
 1
 0
 0
 0
 0
 0
 27
 0
 946
