# Created by Octave 6.2.0, Wed May 26 21:04:08 2021 GMT <unknown@DESKTOP-PM2CTTO>
# name: confMatrix1
# type: matrix
# ndims: 3
 10 11 50
 5074
 13
 131
 232
 18
 2
 1195
 0
 14
 1
 19
 5763
 8
 66
 12
 1
 17
 0
 5
 0
 89
 18
 4399
 71
 396
 1
 653
 0
 28
 0
 335
 159
 49
 5173
 141
 4
 187
 0
 46
 1
 42
 22
 870
 310
 4783
 0
 544
 0
 32
 0
 35
 3
 31
 23
 15
 5655
 50
 644
 87
 194
 291
 17
 450
 93
 578
 1
 3229
 0
 56
 0
 0
 0
 1
 0
 0
 183
 5
 5022
 27
 214
 110
 4
 61
 29
 56
 24
 120
 16
 5697
 1
 5
 1
 0
 3
 1
 129
 0
 318
 8
 5589
 0
 0
 0
 0
 0
 0
 0
 0
 0
 0
 5173
 15
 106
 213
 12
 3
 1145
 0
 11
 1
 12
 5795
 7
 44
 7
 1
 18
 0
 5
 0
 82
 15
 4584
 51
 383
 0
 556
 0
 40
 0
 274
 135
 53
 5243
 130
 2
 162
 0
 34
 1
 44
 22
 760
 324
 4924
 0
 502
 0
 31
 1
 23
 1
 14
 8
 8
 5726
 15
 575
 46
 168
 313
 13
 429
 86
 502
 1
 3505
 0
 52
 0
 0
 0
 1
 0
 0
 148
 5
 5133
 24
 202
 76
 4
 46
 28
 33
 19
 91
 15
 5752
 2
 3
 0
 0
 3
 1
 100
 1
 277
 5
 5625
 0
 0
 0
 0
 0
 0
 0
 0
 0
 0
 5232
 18
 100
 201
 8
 4
 1086
 0
 10
 1
 12
 5807
 4
 41
 6
 0
 17
 0
 4
 0
 79
 15
 4672
 41
 366
 0
 505
 0
 38
 0
 244
 125
 56
 5287
 119
 2
 153
 0
 32
 1
 43
 21
 728
 323
 5038
 0
 493
 0
 29
 1
 19
 1
 12
 3
 7
 5762
 7
 496
 30
 141
 304
 10
 392
 79
 428
 1
 3658
 0
 52
 0
 0
 0
 1
 0
 0
 127
 2
 5230
 22
 189
 66
 3
 35
 24
 28
 15
 78
 14
 5779
 1
 1
 0
 0
 1
 0
 89
 1
 260
 4
 5666
 0
 0
 0
 0
 0
 0
 0
 0
 0
 0
 5292
 18
 95
 200
 9
 4
 1053
 0
 15
 1
 9
 5816
 3
 38
 6
 1
 19
 0
 4
 0
 76
 15
 4729
 40
 357
 0
 478
 0
 36
 0
 211
 119
 51
 5303
 110
 2
 142
 0
 27
 0
 46
 20
 709
 312
 5116
 0
 476
 0
 32
 1
 13
 1
 7
 1
 8
 5786
 5
 441
 28
 130
 292
 9
 373
 82
 370
 1
 3756
 0
 42
 0
 0
 0
 1
 0
 0
 112
 2
 5291
 21
 177
 60
 2
 32
 23
 24
 15
 68
 14
 5791
 1
 1
 0
 0
 1
 0
 79
 1
 254
 4
 5690
 0
 0
 0
 0
 0
 0
 0
 0
 0
 0
 5324
 17
 102
 199
 8
 4
 1025
 0
 15
 1
 8
 5821
 3
 36
 6
 2
 18
 0
 4
 0
 74
 15
 4769
 38
 349
 0
 452
 0
 35
 0
 192
 114
 47
 5320
 108
 1
 132
 0
 24
 0
 47
 17
 687
 306
 5169
 0
 471
 0
 28
 1
 12
 1
 4
 1
 7
 5809
 4
 395
 26
 119
 287
 13
 360
 80
 330
 1
 3836
 0
 40
 0
 0
 0
 1
 0
 0
 103
 2
 5350
 19
 170
 55
 2
 27
 20
 23
 15
 59
 14
 5806
 2
 1
 0
 0
 0
 0
 65
 1
 241
 3
 5707
 0
 0
 0
 0
 0
 0
 0
 0
 0
 0
 5333
 17
 98
 197
 12
 4
 982
 0
 16
 2
 8
 5830
 3
 38
 5
 2
 18
 0
 4
 0
 73
 15
 4813
 41
 354
 0
 436
 0
 30
 0
 178
 110
 48
 5327
 109
 1
 128
 0
 22
 0
 43
 13
 654
 297
 5181
 0
 455
 0
 27
 1
 11
 2
 4
 1
 6
 5817
 4
 328
 20
 112
 303
 11
 353
 81
 311
 1
 3917
 0
 37
 0
 0
 0
 1
 0
 0
 98
 2
 5429
 18
 167
 50
 2
 26
 18
 22
 17
 57
 14
 5823
 2
 1
 0
 0
 0
 0
 60
 1
 229
 3
 5716
 0
 0
 0
 0
 0
 0
 0
 0
 0
 0
 5365
 17
 96
 196
 12
 4
 973
 0
 17
 2
 8
 5837
 3
 37
 5
 1
 17
 0
 3
 0
 72
 14
 4827
 39
 344
 0
 417
 0
 30
 0
 160
 104
 50
 5337
 107
 1
 125
 0
 20
 0
 39
 12
 642
 287
 5205
 1
 441
 0
 24
 1
 9
 2
 4
 1
 3
 5824
 3
 301
 18
 105
 302
 12
 352
 84
 302
 2
 3968
 1
 35
 0
 0
 0
 0
 0
 0
 95
 1
 5470
 18
 158
 45
 2
 26
 19
 22
 15
 54
 13
 5832
 2
 0
 0
 0
 0
 0
 57
 1
 215
 3
 5732
 0
 0
 0
 0
 0
 0
 0
 0
 0
 0
 5387
 18
 98
 192
 13
 2
 950
 0
 19
 2
 6
 5841
 2
 39
 5
 1
 16
 0
 3
 0
 65
 14
 4852
 39
 339
 0
 401
 0
 27
 0
 148
 100
 52
 5344
 103
 1
 120
 0
 19
 0
 36
 11
 617
 281
 5222
 1
 429
 0
 24
 1
 9
 2
 4
 1
 3
 5832
 2
 284
 14
 102
 309
 12
 352
 86
 296
 2
 4029
 1
 34
 0
 0
 0
 0
 0
 0
 94
 1
 5503
 18
 155
 40
 2
 23
 18
 19
 14
 51
 13
 5839
 2
 0
 0
 0
 0
 0
 53
 1
 199
 3
 5738
 0
 0
 0
 0
 0
 0
 0
 0
 0
 0
 5389
 18
 94
 191
 14
 2
 916
 0
 21
 2
 6
 5843
 2
 37
 7
 1
 18
 0
 2
 0
 67
 15
 4891
 39
 334
 0
 397
 0
 26
 0
 143
 97
 52
 5356
 103
 1
 116
 0
 18
 0
 34
 10
 593
 273
 5230
 1
 419
 0
 24
 1
 7
 2
 4
 1
 3
 5833
 1
 241
 13
 91
 315
 13
 341
 86
 290
 2
 4081
 1
 33
 0
 0
 0
 0
 0
 0
 96
 1
 5549
 18
 154
 39
 2
 23
 17
 19
 14
 50
 13
 5843
 2
 0
 0
 0
 0
 0
 50
 1
 196
 2
 5750
 0
 0
 0
 0
 0
 0
 0
 0
 0
 0
 5387
 18
 93
 185
 15
 2
 881
 0
 21
 2
 6
 5845
 2
 34
 8
 1
 18
 0
 2
 0
 67
 15
 4923
 40
 337
 1
 385
 0
 24
 0
 138
 96
 52
 5383
 107
 1
 113
 0
 19
 0
 33
 10
 568
 259
 5233
 1
 407
 0
 24
 1
 6
 2
 4
 0
 3
 5840
 1
 219
 13
 77
 325
 12
 335
 83
 280
 1
 4143
 1
 33
 0
 0
 0
 0
 0
 0
 93
 1
 5579
 18
 157
 38
 2
 23
 16
 17
 14
 50
 14
 5844
 2
 0
 0
 0
 0
 0
 46
 1
 187
 2
 5761
 0
 0
 0
 0
 0
 0
 0
 0
 0
 0
 5391
 18
 91
 178
 15
 2
 854
 0
 20
 2
 5
 5847
 2
 33
 9
 1
 17
 0
 2
 0
 66
 15
 4958
 40
 341
 1
 381
 1
 22
 0
 136
 95
 53
 5401
 107
 1
 112
 0
 19
 0
 33
 9
 557
 250
 5238
 1
 402
 0
 24
 1
 5
 2
 4
 0
 3
 5843
 1
 192
 13
 74
 328
 13
 313
 82
 271
 1
 4182
 0
 33
 0
 0
 0
 0
 0
 0
 93
 1
 5614
 18
 154
 36
 1
 22
 16
 16
 14
 49
 14
 5847
 2
 0
 0
 0
 0
 0
 43
 1
 179
 2
 5767
 0
 0
 0
 0
 0
 0
 0
 0
 0
 0
 5381
 18
 89
 171
 14
 2
 834
 0
 19
 2
 5
 5848
 2
 32
 9
 1
 16
 0
 2
 0
 64
 15
 4974
 40
 343
 1
 379
 1
 22
 0
 136
 94
 54
 5418
 112
 1
 113
 0
 20
 0
 33
 9
 542
 242
 5235
 1
 396
 0
 23
 1
 5
 2
 4
 0
 3
 5846
 1
 176
 12
 68
 340
 13
 314
 82
 268
 1
 4213
 0
 32
 0
 0
 0
 0
 0
 0
 93
 1
 5635
 18
 154
 36
 1
 21
 15
 16
 14
 46
 14
 5850
 2
 0
 0
 0
 0
 0
 40
 1
 174
 2
 5773
 0
 0
 0
 0
 0
 0
 0
 0
 0
 0
 5383
 18
 88
 165
 14
 2
 809
 0
 17
 1
 5
 5849
 2
 33
 9
 1
 15
 0
 2
 0
 66
 15
 4994
 39
 342
 1
 373
 1
 22
 0
 135
 94
 54
 5428
 113
 1
 115
 0
 20
 0
 31
 9
 525
 239
 5244
 1
 388
 0
 24
 1
 5
 1
 4
 0
 1
 5846
 1
 165
 12
 65
 339
 13
 311
 82
 261
 1
 4250
 0
 29
 0
 0
 0
 0
 0
 0
 93
 1
 5652
 17
 154
 36
 1
 22
 14
 16
 14
 47
 14
 5855
 2
 0
 0
 0
 0
 0
 40
 1
 168
 2
 5777
 0
 0
 0
 0
 0
 0
 0
 0
 0
 0
 5382
 16
 86
 158
 13
 2
 793
 0
 15
 1
 5
 5850
 2
 32
 8
 1
 15
 0
 2
 0
 68
 16
 5017
 36
 348
 1
 370
 1
 21
 0
 135
 95
 54
 5438
 116
 1
 115
 0
 20
 0
 30
 7
 510
 232
 5242
 1
 381
 0
 23
 1
 5
 1
 4
 0
 1
 5847
 1
 152
 11
 62
 340
 14
 305
 90
 256
 1
 4278
 0
 30
 0
 0
 0
 0
 0
 0
 94
 1
 5669
 17
 154
 35
 1
 22
 14
 16
 14
 45
 14
 5859
 2
 0
 0
 0
 0
 0
 38
 1
 164
 2
 5780
 0
 0
 0
 0
 0
 0
 0
 0
 0
 0
 5380
 15
 82
 154
 13
 2
 771
 0
 15
 1
 5
 5851
 2
 34
 8
 1
 15
 0
 2
 0
 68
 15
 5024
 36
 348
 2
 369
 1
 21
 0
 136
 97
 56
 5442
 117
 1
 118
 0
 20
 0
 31
 6
 503
 228
 5247
 1
 376
 0
 23
 1
 5
 1
 4
 0
 1
 5846
 1
 141
 11
 59
 341
 14
 307
 92
 250
 1
 4303
 0
 29
 0
 0
 0
 0
 0
 0
 95
 1
 5681
 16
 154
 34
 1
 22
 14
 16
 14
 45
 14
 5861
 2
 0
 0
 0
 0
 0
 37
 1
 163
 2
 5783
 0
 0
 0
 0
 0
 0
 0
 0
 0
 0
 5373
 14
 79
 148
 13
 3
 749
 0
 15
 1
 5
 5851
 2
 34
 8
 1
 14
 0
 2
 0
 71
 15
 5038
 37
 345
 2
 368
 1
 20
 0
 138
 98
 55
 5456
 118
 1
 124
 0
 20
 0
 31
 6
 498
 220
 5249
 1
 372
 0
 22
 1
 5
 1
 4
 0
 1
 5848
 1
 133
 11
 57
 348
 14
 302
 92
 250
 1
 4329
 0
 29
 0
 0
 0
 0
 0
 0
 96
 1
 5688
 16
 154
 29
 1
 22
 13
 16
 14
 40
 14
 5863
 2
 0
 0
 0
 0
 0
 33
 2
 164
 2
 5785
 0
 0
 0
 0
 0
 0
 0
 0
 0
 0
 5370
 13
 77
 146
 13
 3
 733
 0
 16
 1
 5
 5852
 2
 34
 8
 1
 14
 0
 3
 0
 70
 15
 5047
 37
 348
 2
 365
 1
 19
 0
 140
 98
 56
 5465
 122
 1
 125
 0
 19
 0
 32
 6
 493
 215
 5245
 1
 369
 0
 22
 1
 4
 1
 4
 0
 0
 5849
 1
 130
 11
 54
 349
 14
 300
 90
 248
 1
 4350
 0
 28
 0
 0
 0
 0
 0
 0
 97
 1
 5692
 16
 155
 30
 1
 21
 13
 16
 14
 40
 14
 5864
 3
 0
 0
 0
 0
 0
 31
 2
 163
 2
 5786
 0
 0
 0
 0
 0
 0
 0
 0
 0
 0
 5369
 13
 76
 142
 13
 3
 721
 0
 16
 1
 5
 5853
 2
 33
 8
 1
 14
 0
 3
 0
 70
 16
 5056
 37
 349
 2
 361
 1
 20
 0
 139
 96
 57
 5476
 124
 1
 125
 0
 20
 0
 32
 6
 487
 210
 5244
 1
 366
 0
 21
 1
 4
 1
 4
 0
 0
 5849
 1
 124
 11
 53
 353
 14
 297
 89
 246
 1
 4369
 0
 28
 0
 0
 0
 0
 0
 0
 98
 1
 5700
 16
 155
 28
 1
 21
 13
 16
 13
 40
 14
 5863
 3
 0
 0
 0
 0
 0
 31
 2
 161
 2
 5787
 0
 0
 0
 0
 0
 0
 0
 0
 0
 0
 5366
 13
 74
 138
 13
 3
 708
 0
 17
 1
 4
 5853
 2
 33
 8
 1
 13
 0
 3
 0
 71
 16
 5064
 37
 351
 2
 357
 1
 18
 0
 139
 96
 59
 5487
 125
 1
 126
 0
 20
 0
 32
 6
 478
 203
 5244
 1
 365
 0
 21
 1
 4
 1
 4
