# Created by Octave 6.2.0, Sat May 22 15:32:45 2021 GMT <unknown@DESKTOP-PM2CTTO>
# name: confMatrix2
# type: matrix
# ndims: 3
 10 11 50
 797
 3
 17
 19
 0
 0
 162
 0
 2
 0
 1
 939
 0
 8
 4
 0
 4
 0
 0
 0
 17
 5
 735
 19
 84
 0
 148
 0
 6
 0
 88
 41
 17
 898
 54
 2
 71
 0
 14
 0
 6
 6
 166
 30
 785
 0
 107
 0
 5
 0
 5
 0
 3
 2
 1
 897
 3
 37
 12
 23
 66
 4
 51
 21
 65
 0
 473
 0
 5
 1
 2
 0
 0
 0
 0
 63
 1
 927
 5
 52
 18
 2
 11
 3
 7
 6
 31
 1
 951
 0
 0
 0
 0
 0
 0
 32
 0
 35
 0
 924
 0
 0
 0
 0
 0
 0
 0
 0
 0
 0
 817
 3
 18
 26
 2
 0
 157
 0
 1
 0
 2
 945
 0
 4
 1
 0
 1
 0
 0
 0
 17
 4
 769
 13
 88
 0
 141
 0
 8
 0
 78
 38
 16
 901
 49
 2
 62
 0
 13
 0
 5
 6
 144
 33
 793
 0
 104
 0
 5
 0
 4
 0
 1
 2
 2
 907
 1
 35
 6
 19
 65
 2
 47
 18
 60
 0
 507
 0
 6
 1
 0
 0
 0
 0
 0
 60
 1
 931
 4
 52
 12
 2
 5
 3
 5
 2
 26
 1
 957
 0
 0
 0
 0
 0
 0
 29
 0
 33
 0
 928
 0
 0
 0
 0
 0
 0
 0
 0
 0
 0
 818
 4
 18
 26
 1
 1
 154
 0
 1
 0
 1
 946
 0
 5
 1
 0
 1
 0
 0
 0
 19
 4
 768
 11
 92
 0
 126
 0
 6
 0
 73
 35
 13
 904
 44
 2
 56
 0
 11
 0
 6
 7
 142
 31
 798
 0
 96
 0
 6
 0
 3
 0
 1
 1
 2
 912
 0
 34
 6
 16
 67
 2
 53
 19
 57
 0
 542
 0
 6
 1
 1
 0
 1
 0
 0
 56
 1
 937
 4
 54
 12
 2
 4
 3
 5
 2
 24
 0
 960
 0
 0
 0
 0
 0
 0
 27
 0
 29
 0
 929
 0
 0
 0
 0
 0
 0
 0
 0
 0
 0
 824
 4
 18
 26
 0
 1
 157
 0
 0
 0
 1
 950
 0
 6
 1
 0
 1
 0
 0
 0
 19
 3
 766
 10
 89
 0
 112
 0
 5
 0
 67
 31
 10
 905
 44
 1
 53
 0
 9
 0
 5
 8
 139
 30
 806
 0
 88
 0
 6
 0
 4
 0
 1
 1
 2
 917
 1
 30
 6
 16
 66
 2
 61
 19
 53
 0
 568
 0
 6
 1
 1
 0
 1
 0
 0
 52
 1
 941
 4
 51
 13
 2
 4
 3
 5
 2
 19
 0
 964
 0
 0
 0
 0
 0
 0
 27
 0
 29
 0
 932
 0
 0
 0
 0
 0
 0
 0
 0
 0
 0
 831
 4
 17
 26
 0
 1
 159
 0
 0
 0
 0
 950
 0
 6
 1
 0
 1
 0
 0
 0
 17
 3
 763
 10
 88
 0
 111
 0
 5
 0
 62
 31
 10
 906
 44
 1
 49
 0
 9
 0
 5
 8
 144
 28
 807
 0
 84
 0
 6
 1
 2
 0
 1
 1
 2
 922
 1
 30
 6
 14
 70
 2
 60
 19
 54
 0
 576
 0
 6
 1
 1
 0
 1
 0
 0
 48
 1
 943
 4
 51
 12
 2
 4
 4
 4
 2
 18
 0
 964
 0
 0
 0
 0
 0
 0
 26
 0
 27
 0
 933
 0
 0
 0
 0
 0
 0
 0
 0
 0
 0
 830
 4
 16
 26
 0
 1
 159
 0
 0
 0
 0
 951
 0
 6
 1
 0
 1
 0
 0
 0
 20
 2
 758
 9
 87
 0
 102
 0
 5
 0
 57
 31
 11
 906
 44
 1
 45
 0
 8
 0
 5
 8
 144
 29
 811
 0
 83
 0
 6
 1
 2
 0
 1
 1
 1
 929
 1
 28
 6
 13
 73
 2
 65
 19
 52
 0
 591
 0
 6
 1
 1
 0
 1
 0
 0
 42
 1
 945
 5
 51
 12
 2
 4
 4
 4
 2
 17
 0
 964
 0
 0
 0
 0
 0
 0
 25
 0
 27
 0
 934
 0
 0
 0
 0
 0
 0
 0
 0
 0
 0
 837
 4
 16
 26
 0
 1
 160
 0
 1
 0
 0
 954
 1
 6
 1
 0
 1
 0
 0
 0
 20
 2
 762
 10
 89
 0
 99
 0
 5
 0
 53
 28
 11
 905
 44
 1
 45
 0
 8
 0
 6
 8
 140
 28
 810
 0
 81
 0
 7
 1
 2
 0
 1
 1
 1
 931
 1
 25
 6
 13
 70
 2
 64
 19
 50
 0
 595
 0
 6
 1
 0
 0
 1
 0
 1
 41
 1
 951
 5
 50
 12
 2
 3
 5
 4
 2
 17
 0
 962
 0
 0
 0
 1
 0
 0
 24
 0
 24
 0
 935
 0
 0
 0
 0
 0
 0
 0
 0
 0
 0
 839
 4
 15
 26
 0
 0
 157
 0
 2
 0
 0
 954
 1
 5
 0
 0
 1
 0
 0
 0
 20
 2
 770
 9
 86
 0
 98
 0
 5
 0
 51
 28
 11
 909
 44
 1
 45
 0
 7
 0
 6
 8
 138
 28
 815
 0
 80
 0
 6
 1
 2
 0
 1
 1
 1
 935
 1
 24
 6
 13
 70
 2
 59
 18
 49
 0
 602
 0
 7
 1
 0
 0
 1
 0
 1
 40
 0
 952
 5
 48
 12
 2
 3
 4
 4
 2
 16
 0
 962
 0
 0
 0
 1
 0
 0
 22
 0
 24
 0
 937
 0
 0
 0
 0
 0
 0
 0
 0
 0
 0
 840
 4
 15
 26
 0
 0
 156
 0
 2
 0
 0
 954
 1
 4
 0
 0
 1
 0
 0
 0
 20
 2
 773
 9
 85
 0
 94
 0
 5
 0
 50
 28
 11
 910
 44
 1
 44
 0
 7
 0
 6
 8
 135
 28
 816
 0
 82
 0
 7
 1
 2
 0
 1
 1
 1
 941
 1
 24
 6
 13
 70
 2
 59
 18
 49
 0
 606
 0
 5
 1
 0
 0
 1
 0
 1
 37
 0
 952
 3
 47
 12
 2
 3
 4
 4
 1
 16
 0
 965
 0
 0
 0
 1
 0
 0
 20
 0
 24
 0
 938
 0
 0
 0
 0
 0
 0
 0
 0
 0
 0
 840
 4
 15
 27
 0
 0
 159
 0
 2
 0
 0
 954
 1
 4
 0
 0
 1
 0
 0
 0
 20
 2
 775
 11
 83
 0
 94
 0
 5
 0
 48
 28
 11
 910
 45
 1
 42
 0
 8
 0
 7
 7
 131
 27
 818
 0
 83
 0
 6
 1
 3
 0
 1
 1
 0
 943
 1
 25
 6
 12
 70
 4
 59
 16
 49
 0
 604
 0
 6
 1
 0
 0
 1
 0
 1
 35
 0
 954
 3
 47
 12
 1
 5
 4
 4
 1
 16
 0
 964
 0
 0
 0
 1
 0
 0
 20
 0
 21
 0
 939
 0
 0
 0
 0
 0
 0
 0
 0
 0
 0
 842
 4
 14
 25
 0
 0
 153
 0
 1
 0
 0
 954
 1
 4
 0
 0
 1
 0
 0
 0
 20
 2
 776
 12
 82
 0
 97
 0
 6
 0
 46
 28
 11
 910
 44
 1
 43
 0
 8
 0
 7
 7
 129
 28
 821
 0
 80
 0
 6
 1
 3
 0
 1
 1
 0
 945
 1
 25
 6
 11
 70
 4
 61
 15
 48
 0
 608
 0
 6
 1
 0
 0
 1
 0
 1
 34
 0
 955
 3
 46
 12
 1
 5
 5
 4
 1
 17
 0
 964
 0
 0
 0
 1
 0
 0
 19
 0
 20
 0
 941
 0
 0
 0
 0
 0
 0
 0
 0
 0
 0
 845
 4
 14
 24
 0
 0
 149
 0
 1
 0
 0
 954
 1
 4
 0
 0
 0
 0
 0
 0
 20
 1
 776
 12
 81
 0
 95
 0
 6
 0
 42
 28
 11
 912
 44
 1
 45
 0
 8
 0
 7
 8
 129
 28
 820
 0
 80
 0
 7
 1
 3
 0
 1
 1
 1
 949
 1
 25
 5
 11
 71
 4
 61
 14
 49
 0
 614
 0
 6
 1
 0
 0
 1
 0
 1
 33
 0
 954
 3
 45
 12
 1
 5
 4
 4
 1
 16
 0
 964
 0
 0
 0
 1
 1
 0
 16
 0
 21
 0
 942
 0
 0
 0
 0
 0
 0
 0
 0
 0
 0
 845
 4
 14
 22
 0
 0
 150
 0
 1
 0
 1
 956
 2
 4
 0
 0
 0
 0
 0
 0
 21
 1
 774
 12
 82
 0
 94
 0
 6
 0
 43
 26
 11
 914
 44
 1
 43
 0
 8
 0
 6
 8
 130
 27
 820
 0
 81
 0
 7
 1
 3
 0
 1
 1
 2
 952
 1
 24
 5
 10
 69
 4
 62
 15
 47
 0
 615
 0
 6
 1
 0
 0
 1
 0
 1
 32
 0
 955
 3
 45
 12
 1
 4
 4
 4
 1
 16
 0
 964
 0
 0
 0
 1
 1
 0
 14
 0
 21
 0
 943
 0
 0
 0
 0
 0
 0
 0
 0
 0
 0
 845
 4
 14
 22
 0
 0
 150
 0
 1
 0
 0
 956
 2
 4
 0
 0
 0
 0
 0
 0
 23
 1
 775
 12
 80
 0
 93
 0
 6
 0
 46
 26
 11
 914
 44
 1
 43
 0
 8
 0
 4
 8
 130
 27
 824
 0
 83
 0
 7
 1
 3
 0
 1
 1
 2
 953
 1
 24
 5
 11
 67
 4
 62
 15
 45
 0
 615
 0
 6
 1
 0
 0
 1
 0
 1
 31
 0
 954
 3
 46
 12
 1
 3
 4
 4
 1
 15
 0
 964
 0
 0
 0
 1
 1
 0
 14
 0
 22
 0
 941
 0
 0
 0
 0
 0
 0
 0
 0
 0
 0
 847
 4
 14
 22
 0
 0
 152
 0
 1
 0
 0
 956
 2
 4
 0
 0
 0
 0
 0
 0
 24
 1
 777
 12
 77
 0
 91
 0
 5
 0
 43
 26
 11
 915
 44
 1
 42
 0
 8
 0
 4
 8
 130
 26
 827
 0
 82
 0
 8
 1
 3
 0
 1
 1
 2
 954
 1
 24
 5
 9
 68
 4
 61
 15
 45
 0
 618
 0
 6
 1
 0
 0
 1
 0
 1
 30
 0
 954
 3
 46
 11
 1
 2
 4
 4
 1
 14
 0
 964
 0
 0
 0
 1
 1
 0
 14
 0
 22
 0
 943
 0
 0
 0
 0
 0
 0
 0
 0
 0
 0
 843
 4
 15
 21
 1
 1
 151
 0
 1
 0
 0
 956
 2
 4
 0
 0
 0
 0
 0
 0
 26
 1
 777
 10
 75
 0
 92
 0
 5
 0
 43
 26
 11
 916
 44
 1
 42
 0
 8
 0
 4
 8
 129
 27
 828
 0
 81
 0
 8
 1
 3
 0
 1
 1
 1
 955
 1
 23
 5
 9
 70
 4
 61
 16
 46
 0
 619
 0
 6
 1
 0
 0
 1
 0
 1
 29
 0
 955
 3
 46
 11
 1
 2
 4
 4
 1
 14
 0
 964
 0
 0
 0
 1
 1
 0
 13
 0
 22
 0
 943
 0
 0
 0
 0
 0
 0
 0
 0
 0
 0
 844
 4
 15
 21
 1
 1
 154
 0
 2
 0
 0
 958
 2
 4
 0
 0
 0
 0
 0
 0
 27
 1
 776
 11
 72
 0
 88
 0
 5
 0
 42
 25
 11
 917
 44
 1
 42
 0
 7
 0
 4
 7
 128
 27
 831
 0
 81
 0
 8
 1
 3
 0
 1
 1
 1
 954
 1
 22
 5
 9
 69
 4
 63
 14
 46
 0
 619
 0
 7
 1
 0
 0
 1
 0
 1
 30
 0
 956
 3
 46
 11
 1
 2
 4
 4
 1
 15
 0
 963
 0
 0
 0
 1
 1
 0
 13
 0
 22
 0
 943
 0
 0
 0
 0
 0
 0
 0
 0
 0
 0
 846
 4
 16
 21
 1
 1
 155
 0
 2
 0
 0
 958
 2
 4
 0
 0
 0
 0
 1
 0
 27
 1
 777
 11
 73
 0
 87
 0
 4
 0
 42
 25
 12
 917
 44
 1
 40
 0
 7
 0
 4
 7
 128
 27
 829
 0
 80
 0
 7
 1
 3
 0
 1
 1
 1
 954
 1
 21
 5
 9
 68
 4
 60
 14
 47
 0
 621
 0
 7
 1
 0
 0
 1
 0
 1
 30
 1
 957
 3
 46
 10
 1
 2
 4
 4
 1
 15
 0
 964
 0
 0
 0
 1
 1
 0
 13
 0
 22
 0
 943
 0
 0
 0
 0
 0
 0
 0
 0
 0
 0
 848
 6
 16
 21
 1
 1
 156
 0
 2
 0
 0
 957
 2
 4
 0
 0
 0
 0
 1
 0
 27
 1
 779
 11
 73
 0
 89
 0
 4
 0
 40
 25
 12
 917
 44
 1
 39
 0
 7
 0
 4
 7
 127
 27
 828
 0
 79
 0
 7
 1
 3
 0
 1
 1
 1
 954
 0
 20
 5
 8
 68
 3
 60
 14
 48
 0
 622
 0
 7
 1
 0
 0
 1
 0
 1
 30
 1
 958
 3
 47
 10
 1
 2
 4
 4
 1
 14
 0
 964
 0
 0
 0
 0
 1
 0
 13
 0
 22
 0
 943
 0
 0
 0
 0
 0
 0
 0
 0
 0
 0
 848
 6
 16
 21
 1
 1
 156
 0
 2
 0
 0
 957
 2
 4
 0
 0
 1
 0
 1
 0
 27
 1
 778
 11
 74
 0
 91
 0
 4
 0
 40
 25
 13
 917
 46
 1
 38
 0
 7
 0
 4
 7
 127
 26
 829
 0
 78
 0
 7
 1
 3
 0
 1
 1
 1
 952
 0
 20
 5
 8
 68
 3
 60
 15
 44
 0
 621
 0
 7
 1
 0
 0
 1
 0
 1
 31
 1
 959
 3
 47
 10
 1
 2
 4
 4
 1
 14
 0
 964
 0
 0
 0
 0
 1
 0
 14
 0
 21
 0
 943
 0
 0
 0
 0
 0
 0
 0
 0
 0
 0
 849
 6
 17
 21
 1
 1
 156
 0
 2
 0
 0
 957
 1
 4
 0
 0
 1
 0
 1
 0
 26
 1
 777
 11
 74
 0
 93
 0
 4
 0
 40
 25
 13
 916
 44
 1
 37
 0
 8
 0
 4
 7
 127
 28
 830
 0
 78
 0
 7
 1
 3
 0
 1
 1
 1
 952
 1
 20
 5
 9
 68
 3
 61
 14
 45
 0
 619
 0
 6
 1
 0
 0
 1
 0
 1
 31
 1
 959
 3
