# Created by Octave 6.2.0, Sat May 22 12:49:29 2021 GMT <unknown@DESKTOP-PM2CTTO>
# name: confMatrix2
# type: matrix
# ndims: 3
 10 11 50
 776
 2
 19
 21
 0
 1
 176
 0
 2
 0
 1
 937
 0
 11
 2
 0
 0
 0
 1
 0
 13
 8
 617
 9
 54
 0
 109
 0
 6
 0
 89
 39
 17
 867
 39
 3
 69
 0
 15
 0
 15
 9
 239
 52
 823
 0
 152
 0
 6
 0
 16
 0
 2
 4
 2
 876
 6
 40
 11
 24
 66
 3
 90
 32
 71
 0
 452
 0
 13
 0
 1
 0
 0
 0
 0
 74
 1
 897
 6
 50
 23
 2
 16
 4
 9
 8
 35
 0
 939
 1
 0
 0
 0
 0
 0
 38
 0
 63
 1
 925
 0
 0
 0
 0
 0
 0
 0
 0
 0
 0
 764
 2
 10
 19
 0
 0
 145
 0
 0
 0
 1
 940
 0
 10
 2
 0
 1
 0
 0
 0
 14
 9
 653
 14
 57
 0
 103
 0
 6
 0
 88
 36
 14
 866
 40
 2
 64
 0
 12
 0
 13
 9
 212
 53
 821
 0
 134
 0
 4
 0
 11
 0
 2
 2
 1
 881
 5
 37
 9
 21
 88
 2
 95
 33
 74
 0
 514
 0
 18
 0
 1
 0
 0
 0
 0
 73
 1
 917
 4
 56
 20
 2
 14
 2
 5
 8
 33
 0
 946
 1
 0
 0
 0
 1
 0
 36
 0
 46
 1
 922
 0
 0
 0
 0
 0
 0
 0
 0
 0
 0
 765
 1
 9
 17
 0
 0
 139
 0
 0
 0
 2
 945
 0
 10
 2
 0
 1
 0
 1
 0
 15
 9
 673
 13
 57
 0
 106
 0
 9
 0
 87
 34
 13
 874
 40
 2
 58
 0
 9
 0
 10
 7
 199
 48
 815
 0
 122
 0
 4
 0
 8
 0
 2
 2
 1
 893
 3
 35
 9
 20
 95
 2
 93
 32
 80
 0
 540
 0
 13
 0
 1
 0
 1
 0
 0
 64
 0
 928
 3
 55
 17
 2
 10
 3
 5
 8
 31
 0
 951
 1
 0
 0
 0
 1
 0
 33
 0
 37
 1
 924
 0
 0
 0
 0
 0
 0
 0
 0
 0
 0
 779
 1
 10
 19
 0
 0
 140
 0
 0
 0
 1
 947
 0
 9
 2
 0
 0
 0
 1
 0
 15
 8
 684
 13
 58
 0
 106
 0
 7
 0
 75
 33
 12
 875
 40
 2
 53
 0
 9
 0
 10
 7
 192
 49
 816
 0
 109
 0
 5
 0
 8
 0
 2
 1
 1
 896
 3
 33
 7
 19
 93
 1
 88
 31
 78
 0
 558
 0
 9
 0
 1
 0
 1
 0
 0
 64
 0
 930
 3
 54
 18
 3
 11
 3
 5
 7
 31
 0
 958
 1
 0
 0
 0
 0
 0
 31
 0
 37
 1
 926
 0
 0
 0
 0
 0
 0
 0
 0
 0
 0
 786
 2
 11
 21
 0
 0
 140
 0
 0
 0
 1
 948
 0
 8
 2
 0
 1
 0
 1
 0
 17
 8
 691
 15
 55
 0
 105
 0
 4
 0
 70
 32
 12
 875
 36
 2
 53
 0
 6
 0
 10
 7
 185
 46
 829
 0
 107
 0
 5
 0
 8
 0
 2
 1
 1
 899
 2
 31
 6
 17
 92
 1
 86
 30
 72
 0
 560
 0
 9
 0
 0
 0
 1
 0
 0
 63
 0
 933
 3
 54
 16
 2
 12
 4
 5
 6
 32
 0
 965
 1
 0
 0
 0
 0
 0
 30
 0
 36
 1
 928
 0
 0
 0
 0
 0
 0
 0
 0
 0
 0
 799
 2
 11
 21
 0
 0
 137
 0
 0
 0
 1
 950
 0
 8
 3
 0
 1
 0
 1
 0
 17
 7
 704
 12
 61
 0
 106
 0
 3
 0
 62
 31
 12
 876
 34
 2
 52
 0
 6
 0
 10
 7
 179
 47
 826
 0
 108
 0
 5
 0
 6
 0
 1
 1
 1
 902
 1
 29
 6
 16
 87
 1
 82
 30
 69
 0
 563
 0
 8
 0
 1
 0
 1
 0
 0
 61
 0
 937
 4
 53
 17
 2
 10
 5
 6
 6
 32
 0
 966
 1
 0
 0
 0
 0
 0
 29
 0
 34
 1
 930
 0
 0
 0
 0
 0
 0
 0
 0
 0
 0
 797
 3
 11
 20
 0
 0
 139
 0
 0
 0
 1
 950
 0
 6
 3
 0
 0
 0
 1
 0
 16
 5
 714
 11
 61
 0
 102
 0
 2
 0
 64
 31
 13
 880
 33
 2
 51
 0
 5
 0
 9
 7
 173
 48
 826
 0
 108
 0
 7
 0
 5
 0
 1
 1
 1
 907
 1
 28
 4
 14
 89
 2
 78
 28
 69
 0
 567
 0
 8
 0
 1
 0
 1
 0
 0
 58
 0
 937
 4
 53
 18
 2
 9
 6
 7
 4
 32
 0
 968
 1
 0
 0
 0
 0
 0
 29
 0
 35
 1
 932
 0
 0
 0
 0
 0
 0
 0
 0
 0
 0
 802
 4
 10
 20
 0
 0
 139
 0
 0
 0
 1
 951
 0
 5
 2
 0
 0
 0
 1
 0
 16
 3
 719
 11
 65
 0
 98
 0
 2
 0
 63
 30
 13
 884
 33
 2
 50
 0
 5
 0
 9
 7
 168
 50
 828
 0
 109
 0
 9
 0
 5
 0
 1
 1
 0
 911
 1
 28
 4
 12
 85
 3
 80
 23
 65
 0
 571
 0
 8
 0
 1
 0
 1
 0
 0
 56
 0
 938
 4
 54
 18
 2
 8
 6
 7
 4
 32
 0
 966
 1
 0
 0
 0
 0
 0
 27
 0
 34
 1
 933
 0
 0
 0
 0
 0
 0
 0
 0
 0
 0
 802
 4
 10
 20
 0
 0
 139
 0
 0
 0
 1
 950
 0
 5
 1
 0
 0
 0
 1
 0
 17
 3
 727
 9
 72
 0
 96
 0
 2
 0
 63
 31
 13
 885
 36
 2
 49
 0
 6
 0
 9
 7
 164
 50
 821
 0
 108
 0
 9
 0
 5
 0
 1
 1
 0
 912
 1
 28
 4
 13
 84
 3
 76
 25
 63
 0
 578
 0
 8
 0
 1
 0
 1
 0
 0
 57
 0
 938
 4
 55
 18
 2
 8
 5
 7
 3
 29
 0
 965
 1
 0
 0
 0
 0
 0
 26
 0
 34
 1
 931
 0
 0
 0
 0
 0
 0
 0
 0
 0
 0
 802
 4
 12
 20
 0
 0
 142
 0
 0
 0
 2
 950
 0
 6
 1
 0
 0
 0
 1
 0
 18
 3
 730
 9
 72
 0
 95
 0
 2
 0
 62
 31
 12
 886
 36
 2
 49
 0
 6
 0
 9
 7
 164
 49
 821
 0
 110
 0
 9
 0
 5
 0
 1
 1
 0
 915
 0
 26
 3
 12
 84
 3
 71
 25
 63
 0
 576
 0
 8
 0
 1
 0
 1
 0
 0
 57
 0
 941
 3
 54
 17
 2
 9
 4
 7
 2
 28
 0
 968
 1
 0
 0
 0
 0
 0
 24
 0
 33
 0
 933
 0
 0
 0
 0
 0
 0
 0
 0
 0
 0
 803
 4
 12
 21
 0
 0
 141
 0
 0
 0
 3
 950
 0
 6
 1
 0
 0
 0
 1
 0
 18
 2
 735
 10
 72
 0
 94
 0
 2
 0
 59
 32
 11
 887
 37
 2
 50
 0
 6
 0
 9
 7
 161
 48
 822
 0
 109
 0
 10
 0
 5
 0
 1
 0
 0
 919
 0
 26
 3
 9
 85
 3
 70
 24
 61
 0
 578
 0
 8
 0
 1
 0
 1
 0
 0
 55
 0
 941
 3
 53
 17
 2
 9
 4
 7
 2
 28
 0
 967
 1
 0
 0
 0
 0
 0
 22
 0
 33
 0
 937
 0
 0
 0
 0
 0
 0
 0
 0
 0
 0
 802
 4
 12
 20
 0
 0
 139
 0
 0
 0
 3
 950
 0
 7
 1
 0
 0
 0
 1
 0
 18
 2
 740
 10
 73
 0
 90
 0
 2
 0
 60
 32
 11
 887
 36
 2
 50
 0
 5
 0
 9
 7
 159
 47
 822
 0
 106
 0
 9
 0
 5
 0
 1
 0
 0
 919
 0
 25
 3
 7
 85
 3
 67
 25
 62
 0
 588
 0
 8
 0
 1
 0
 1
 0
 0
 55
 0
 943
 3
 54
 17
 2
 9
 4
 6
 2
 27
 0
 969
 1
 0
 0
 0
 0
 0
 22
 0
 32
 0
 938
 0
 0
 0
 0
 0
 0
 0
 0
 0
 0
 800
 4
 11
 19
 0
 0
 137
 0
 0
 0
 3
 953
 0
 7
 1
 0
 0
 0
 1
 0
 17
 2
 741
 10
 76
 0
 91
 0
 2
 0
 61
 30
 12
 890
 36
 2
 49
 0
 5
 0
 9
 6
 158
 45
 819
 0
 104
 0
 9
 0
 4
 0
 1
 0
 0
 921
 0
 25
 2
 6
 88
 3
 67
 25
 62
 0
 592
 0
 8
 0
 1
 0
 1
 0
 0
 53
 0
 942
 3
 54
 16
 2
 9
 4
 6
 2
 27
 0
 970
 1
 1
 0
 0
 0
 0
 22
 0
 33
 0
 939
 0
 0
 0
 0
 0
 0
 0
 0
 0
 0
 801
 4
 11
 19
 0
 0
 136
 0
 0
 0
 3
 953
 0
 6
 1
 0
 0
 0
 1
 0
 17
 2
 742
 10
 76
 0
 92
 0
 2
 0
 61
 30
 12
 891
 37
 2
 48
 0
 5
 0
 9
 7
 156
 44
 821
 0
 103
 0
 9
 0
 4
 0
 1
 0
 0
 923
 0
 25
 2
 6
 87
 2
 68
 26
 59
 0
 596
 0
 9
 0
 1
 0
 1
 0
 0
 52
 0
 943
 3
 54
 16
 2
 9
 4
 6
 2
 25
 0
 969
 1
 1
 0
 0
 0
 0
 21
 0
 32
 0
 939
 0
 0
 0
 0
 0
 0
 0
 0
 0
 0
 799
 4
 11
 19
 0
 0
 136
 0
 0
 0
 3
 954
 0
 6
 1
 0
 0
 0
 1
 0
 17
 2
 745
 10
 76
 0
 91
 0
 2
 0
 62
 29
 12
 891
 37
 2
 47
 0
 5
 0
 9
 7
 152
 44
 823
 0
 102
 0
 8
 0
 4
 0
 0
 0
 0
 925
 0
 25
 2
 6
 88
 2
 69
 26
 57
 0
 599
 0
 10
 0
 1
 0
 1
 0
 0
 51
 0
 945
 3
 54
 16
 2
 9
 4
 6
 1
 25
 0
 969
 1
 1
 0
 1
 0
 0
 21
 0
 30
 0
 939
 0
 0
 0
 0
 0
 0
 0
 0
 0
 0
 795
 4
 11
 18
 0
 0
 137
 0
 0
 0
 3
 957
 0
 6
 1
 0
 0
 0
 1
 0
 18
 2
 748
 12
 75
 0
 90
 0
 2
 0
 63
 28
 12
 891
 37
 2
 46
 0
 5
 0
 8
 6
 149
 43
 823
 0
 101
 0
 8
 0
 4
 0
 0
 0
 0
 927
 0
 25
 2
 5
 91
 1
 69
 25
 58
 0
 602
 0
 10
 1
 1
 0
 1
 0
 0
 49
 0
 945
 3
 53
 16
 2
 9
 5
 6
 1
 24
 0
 969
 0
 1
 0
 1
 0
 0
 21
 0
 30
 0
 941
 0
 0
 0
 0
 0
 0
 0
 0
 0
 0
 796
 4
 11
 18
 0
 0
 135
 0
 0
 0
 3
 957
 0
 6
 1
 0
 0
 0
 1
 0
 18
 2
 749
 12
 74
 0
 87
 0
 3
 0
 63
 28
 12
 891
 37
 2
 46
 0
 6
 0
 8
 7
 146
 43
 823
 0
 101
 0
 7
 0
 5
 0
 0
 0
 0
 927
 0
 25
 2
 5
 91
 0
 71
 25
 59
 0
 607
 0
 10
 1
 0
 0
 1
 0
 0
 49
 0
 944
 3
 51
 15
 2
 9
 5
 6
 1
 24
 0
 968
 0
 1
 0
 1
 0
 0
 21
 0
 31
 0
 943
 0
 0
 0
 0
 0
 0
 0
 0
 0
 0
 797
 4
 11
 18
 0
 0
 133
 0
 0
 0
 2
 958
 0
 6
 1
 0
 0
 0
 1
 0
 17
 2
 751
 12
 75
 0
 88
 0
 3
 0
 62
 28
 12
 892
 37
 1
 45
 0
 6
 0
 8
 6
 145
 43
 822
 0
 100
 0
 7
 0
 5
 0
 0
 0
 0
 928
 0
 26
 2
 5
 93
 0
 70
 24
 58
 0
 610
 0
 10
 1
 0
 0
 1
 0
 0
 48
 0
 943
 3
 52
 15
 2
 9
 5
 7
 1
 24
 0
 968
 0
 1
 0
 1
 0
 0
 22
 0
 31
 0
 942
 0
 0
 0
 0
 0
 0
 0
 0
 0
 0
 797
 4
 12
 18
 0
 0
 130
 0
 0
 0
 2
 958
 0
 6
 1
 0
 0
 0
 1
 0
 18
 2
 753
 11
 75
 0
 86
 0
 4
 0
 63
 28
 12
 893
 37
 1
 45
 0
 6
 0
 8
 6
 143
 42
 822
 0
 99
 0
 7
 0
 5
 0
 0
 0
 0
 929
 0
 25
 2
 4
 91
 0
 69
 25
 58
 0
 617
 0
 8
 1
 0
 0
 1
 0
 0
 47
 0
 944
 3
 52
 15
 2
 9
 5
 7
 1
 23
 0
 969
 0
 1
 0
 1
 0
 0
 22
 0
 31
 0
 943
 0
 0
 0
 0
 0
 0
 0
 0
 0
 0
 797
 4
 11
 18
 0
 0
 129
 0
 1
 0
 3
 959
 0
 7
 1
 0
 0
 0
 1
 0
 18
 2
 755
 11
 76
 0
 85
 0
 4
 0
 61
 27
 13
 892
 37
 1
 44
 0
 6
 0
 8
 6
 139
 41
 822
 0
 99
 0
 7
 0
 4
 0
 1
 0
 0
 931
 0
 24
 2
 4
 94
 0
 71
 26
 57
 0
 621
 0
 7
 1
 0
 0
 1
 0
 0
 46
 0
 945
 3
 51
 14
 2
 9
 5
 7
 1
 22
 0
 969
 0
 1
 0
 0
 0
 0
 21
 0
 31
 0
 944
 0
 0
 0
 0
 0
 0
 0
 0
 0
 0
 796
 4
 11
 16
 0
 0
 129
 0
 1
 0
 3
 960
 0
 7
 1
 0
 0
 0
 1
 0
 18
 2
 756
 11
 77
 0
 81
 0
 4
 0
 62
 25
 13
 895
 37
 1
 42
 0
 6
 0
 8
 6
 139
 40
 820
 0
 97
 0
 7
 0
 4
 0
 1
 0
 0
 933
 0
 24
 2
 4
 94
 1
 70
 26
 58
 0
 630
 0
 7
