# Created by Octave 6.2.0, Fri May 21 16:31:59 2021 GMT <unknown@DESKTOP-PM2CTTO>
# name: confMatrix1
# type: matrix
# ndims: 3
 10 11 50
 1441
 0
 2
 3
 0
 0
 142
 0
 0
 0
 3139
 5819
 201
 5358
 845
 6
 1193
 0
 180
 6
 0
 0
 0
 0
 0
 0
 0
 0
 0
 0
 0
 0
 0
 0
 0
 0
 0
 0
 0
 0
 781
 111
 4636
 334
 4681
 0
 3217
 0
 433
 8
 571
 62
 933
 292
 389
 5057
 1186
 5183
 824
 306
 0
 0
 0
 0
 0
 0
 0
 0
 0
 0
 0
 0
 0
 0
 0
 0
 0
 1
 0
 0
 0
 0
 0
 0
 0
 0
 0
 0
 0
 0
 68
 8
 228
 13
 85
 937
 262
 816
 4563
 5680
 0
 0
 0
 0
 0
 0
 0
 0
 0
 0
 3557
 21
 62
 371
 230
 0
 989
 0
 57
 1
 1778
 5840
 175
 5303
 718
 12
 778
 0
 79
 4
 22
 21
 569
 3
 119
 0
 200
 0
 8
 0
 49
 1
 4
 51
 12
 3
 21
 0
 145
 4
 414
 104
 4598
 247
 4703
 0
 3239
 0
 237
 12
 87
 7
 330
 14
 128
 768
 430
 10
 192
 19
 0
 0
 0
 0
 0
 0
 0
 0
 0
 0
 6
 0
 2
 0
 0
 3422
 7
 5303
 413
 276
 76
 6
 259
 10
 89
 2
 330
 0
 3238
 1
 11
 0
 1
 1
 1
 1793
 6
 687
 1631
 5683
 0
 0
 0
 0
 0
 0
 0
 0
 0
 0
 4907
 132
 224
 1092
 570
 0
 1711
 0
 81
 4
 158
 5671
 19
 2210
 193
 0
 48
 0
 7
 0
 77
 63
 2327
 11
 568
 0
 938
 0
 49
 0
 454
 62
 34
 2508
 314
 6
 208
 0
 148
 6
 72
 54
 2764
 114
 4071
 0
 2176
 0
 42
 1
 179
 13
 279
 40
 116
 1921
 431
 112
 169
 36
 0
 0
 0
 0
 1
 0
 0
 0
 0
 0
 1
 0
 0
 0
 0
 2570
 1
 5266
 163
 317
 149
 5
 353
 25
 166
 36
 485
 1
 5318
 4
 3
 0
 0
 0
 1
 1467
 2
 621
 23
 5632
 0
 0
 0
 0
 0
 0
 0
 0
 0
 0
 4893
 89
 232
 673
 157
 0
 1711
 0
 44
 1
 62
 5581
 12
 266
 92
 0
 23
 0
 6
 0
 72
 90
 3072
 26
 826
 0
 1210
 0
 55
 0
 575
 179
 56
 4822
 635
 7
 283
 0
 158
 4
 38
 40
 2004
 117
 3986
 0
 1842
 0
 27
 1
 201
 16
 311
 59
 133
 3257
 468
 239
 166
 67
 0
 0
 18
 5
 12
 0
 26
 0
 1
 0
 1
 0
 0
 0
 0
 1700
 0
 5145
 67
 304
 155
 5
 295
 32
 158
 97
 435
 6
 5461
 5
 3
 0
 0
 0
 1
 939
 2
 610
 15
 5618
 0
 0
 0
 0
 0
 0
 0
 0
 0
 0
 4837
 50
 233
 453
 40
 0
 1629
 0
 27
 1
 59
 5590
 14
 109
 69
 0
 25
 0
 7
 0
 72
 109
 3385
 37
 1011
 0
 1330
 0
 61
 0
 645
 206
 61
 5148
 686
 8
 363
 0
 152
 3
 38
 28
 1723
 144
 3877
 0
 1706
 0
 26
 1
 184
 12
 319
 59
 137
 4101
 476
 322
 165
 78
 8
 1
 40
 20
 35
 0
 71
 0
 3
 0
 1
 0
 0
 0
 0
 1243
 1
 5068
 55
 295
 153
 3
 225
 30
 144
 97
 397
 8
 5491
 5
 3
 1
 0
 0
 1
 551
 2
 602
 13
 5617
 0
 0
 0
 0
 0
 0
 0
 0
 0
 0
 4851
 34
 216
 362
 28
 1
 1583
 0
 23
 0
 65
 5590
 16
 101
 67
 0
 28
 0
 8
 2
 79
 115
 3595
 40
 1110
 0
 1447
 0
 67
 0
 650
 220
 60
 5193
 612
 6
 387
 0
 137
 3
 45
 25
 1577
 189
 3906
 0
 1674
 0
 28
 0
 144
 10
 285
 53
 114
 4506
 417
 363
 144
 81
 12
 2
 66
 34
 53
 0
 118
 0
 2
 0
 1
 0
 0
 0
 0
 989
 1
 5027
 45
 295
 150
 3
 185
 27
 109
 86
 343
 11
 5530
 5
 3
 1
 0
 1
 1
 412
 2
 599
 16
 5614
 0
 0
 0
 0
 0
 0
 0
 0
 0
 0
 4867
 27
 190
 323
 21
 2
 1566
 0
 22
 0
 66
 5595
 15
 90
 68
 0
 30
 0
 8
 2
 87
 117
 3772
 48
 1145
 0
 1511
 0
 88
 0
 638
 224
 56
 5197
 543
 5
 381
 0
 125
 4
 52
 23
 1493
 210
 3976
 0
 1674
 0
 28
 0
 113
 9
 229
 45
 88
 4714
 333
 382
 129
 86
 21
 2
 89
 58
 66
 0
 190
 0
 3
 0
 1
 0
 0
 0
 0
 851
 0
 5023
 40
 301
 152
 2
 156
 28
 92
 80
 313
 11
 5541
 5
 3
 1
 0
 1
 1
 348
 2
 584
 16
 5602
 0
 0
 0
 0
 0
 0
 0
 0
 0
 0
 4875
 20
 164
 316
 14
 2
 1538
 0
 20
 0
 65
 5605
 19
 92
 64
 1
 32
 0
 7
 2
 101
 120
 3904
 47
 1091
 0
 1504
 0
 96
 0
 631
 217
 56
 5192
 478
 5
 372
 0
 111
 3
 47
 25
 1424
 206
 4114
 0
 1676
 0
 32
 0
 88
 6
 175
 34
 66
 4880
 266
 383
 121
 93
 35
 4
 117
 85
 92
 0
 314
 0
 7
 0
 1
 0
 0
 0
 0
 716
 0
 5033
 38
 299
 154
 2
 141
 27
 80
 77
 295
 11
 5552
 4
 3
 1
 0
 1
 1
 319
 3
 573
 16
 5599
 0
 0
 0
 0
 0
 0
 0
 0
 0
 0
 4885
 16
 150
 300
 12
 4
 1521
 0
 20
 0
 65
 5613
 18
 95
 62
 1
 31
 0
 7
 2
 115
 121
 3983
 49
 1007
 1
 1435
 0
 100
 0
 612
 213
 50
 5176
 434
 6
 358
 0
 106
 3
 44
 24
 1375
 213
 4246
 0
 1690
 0
 32
 0
 72
 5
 131
 25
 58
 4984
 216
 380
 109
 95
 46
 5
 167
 114
 109
 0
 471
 0
 11
 0
 1
 0
 0
 0
 0
 629
 2
 5052
 37
 298
 157
 2
 126
 27
 71
 74
 273
 12
 5563
 4
 3
 1
 0
 1
 1
 301
 3
 556
 15
 5598
 0
 0
 0
 0
 0
 0
 0
 0
 0
 0
 4901
 13
 136
 296
 10
 4
 1522
 0
 19
 0
 59
 5624
 18
 98
 59
 1
 34
 0
 7
 2
 125
 120
 4051
 48
 894
 1
 1313
 0
 98
 0
 593
 207
 48
 5178
 391
 4
 346
 0
 99
 2
 41
 23
 1332
 192
 4396
 0
 1656
 0
 32
 0
 57
 4
 110
 20
 51
 5060
 169
 371
 100
 97
 67
 6
 188
 139
 132
 0
 696
 0
 15
 0
 1
 0
 0
 0
 0
 574
 2
 5075
 36
 295
 153
 2
 117
 28
 66
 65
 259
 11
 5579
 4
 3
 1
 0
 1
 1
 291
 3
 543
 15
 5600
 0
 0
 0
 0
 0
 0
 0
 0
 0
 0
 4902
 11
 127
 299
 10
 4
 1517
 0
 20
 0
 63
 5629
 16
 94
 54
 1
 33
 0
 5
 2
 129
 119
 4082
 51
 772
 1
 1202
 0
 91
 0
 581
 204
 48
 5185
 356
 4
 334
 0
 90
 2
 38
 25
 1297
 183
 4536
 0
 1599
 0
 31
 0
 45
 3
 89
 16
 41
 5156
 140
 367
 91
 100
 85
 6
 228
 146
 172
 0
 924
 0
 31
 0
 1
 0
 0
 0
 0
 506
 1
 5095
 32
 286
 153
 2
 113
 25
 58
 59
 247
 11
 5594
 4
 3
 1
 0
 1
 1
 269
 3
 527
 15
 5606
 0
 0
 0
 0
 0
 0
 0
 0
 0
 0
 4910
 11
 116
 287
 12
 4
 1499
 0
 19
 0
 66
 5638
 17
 97
 49
 1
 29
 0
 6
 2
 130
 116
 4110
 55
 664
 1
 1096
 0
 87
 0
 556
 200
 49
 5189
 339
 3
 320
 0
 84
 3
 36
 24
 1256
 178
 4627
 0
 1523
 0
 32
 0
 40
 1
 76
 10
 34
 5217
 118
 355
 83
 100
 105
 7
 268
 158
 220
 0
 1172
 0
 37
 0
 1
 0
 0
 0
 0
 463
 1
 5117
 31
 284
 153
 2
 108
 25
 54
 58
 239
 12
 5607
 4
 3
 1
 0
 1
 1
 253
 3
 516
 14
 5607
 0
 0
 0
 0
 0
 0
 0
 0
 0
 0
 4936
 12
 108
 282
 12
 4
 1490
 0
 19
 0
 67
 5643
 17
 97
 45
 1
 29
 0
 6
 2
 129
 115
 4155
 62
 600
 1
 1024
 0
 76
 0
 530
 198
 50
 5171
 320
 3
 304
 0
 81
 3
 31
 20
 1212
 191
 4671
 0
 1397
 0
 31
 0
 31
 1
 62
 10
 28
 5260
 94
 356
 81
 101
 121
 8
 296
 160
 271
 0
 1427
 0
 56
 0
 1
 0
 0
 0
 0
 427
 1
 5126
 28
 279
 151
 2
 100
 26
 52
 58
 230
 12
 5608
 4
 3
 1
 0
 1
 1
 246
 4
 506
 14
 5611
 0
 0
 0
 0
 0
 0
 0
 0
 0
 0
 4947
 11
 103
 278
 11
 5
 1481
 0
 18
 0
 69
 5652
 17
 94
 41
 1
 30
 0
 5
 2
 134
 115
 4175
 67
 536
 1
 968
 0
 76
 0
 508
 191
 49
 5169
 304
 4
 291
 0
 81
 3
 30
 17
 1173
 201
 4719
 0
 1248
 0
 30
 0
 26
 1
 51
 9
 21
 5296
 76
 348
 72
 104
 134
 10
 338
 157
 316
 0
 1687
 0
 62
 0
 1
 0
 0
 0
 0
 399
 1
 5149
 26
 277
 148
 2
 94
 24
 51
 56
 215
 12
 5616
 4
 3
 1
 0
 1
 1
 238
 3
 491
 14
 5610
 0
 0
 0
 0
 0
 0
 0
 0
 0
 0
 4965
 10
 101
 278
 12
 6
 1460
 0
 16
 0
 69
 5654
 16
 92
 34
 1
 31
 0
 5
 2
 128
 116
 4204
 71
 491
 1
 925
 0
 71
 0
 489
 191
 47
 5168
 288
 5
 285
 0
 79
 3
 29
 14
 1123
 200
 4749
 0
 1116
 0
 31
 0
 25
 1
 43
 8
 15
 5323
 67
 339
 67
 105
 151
 11
 376
 158
 357
 1
 1905
 0
 72
 0
 1
 0
 0
 0
 0
 382
 1
 5165
 26
 277
 140
 2
 90
 24
 53
 52
 207
 14
 5620
 3
 3
 1
 0
 1
 1
 229
 3
 482
 13
 5610
 0
 0
 0
 0
 0
 0
 0
 0
 0
 0
 4982
 11
 95
 276
 12
 6
 1445
 0
 16
 0
 71
 5655
 16
 93
 33
 1
 33
 0
 5
 2
 129
 115
 4224
 80
 467
 0
 897
 0
 68
 0
 469
 189
 48
 5159
 273
 5
 277
 0
 78
 3
 31
 16
 1096
 204
 4755
 0
 997
 0
 31
 0
 20
 1
 32
 6
 13
 5345
 57
 326
 67
 107
 159
 10
 403
 157
 392
 1
 2090
 0
 77
 0
 1
 0
 0
 0
 0
 370
 1
 5184
 25
 272
 135
 2
 86
 24
 54
 49
 200
 14
 5619
 3
 3
 1
 0
 1
 1
 223
 3
 476
 14
 5613
 0
 0
 0
 0
 0
 0
 0
 0
 0
 0
 4994
 11
 95
 271
 12
 6
 1420
 0
 15
 0
 70
 5660
 15
 94
 26
 1
 33
 0
 5
 2
 128
 113
 4257
 85
 462
 0
 888
 0
 66
 0
 452
 186
 48
 5156
 260
 5
 271
 0
 76
 2
 32
 16
 1057
 209
 4762
 0
 903
 0
 31
 0
 18
 1
 24
 5
 13
 5366
 45
 311
 65
 111
 172
 10
 418
 156
 414
 1
 2251
 0
 81
 0
 0
 0
 0
 0
 0
 359
 1
 5208
 25
 270
 131
 2
 86
 23
 50
 46
 186
 13
 5622
 3
 3
 1
 0
 1
 1
 216
 2
 468
 14
 5612
 0
 0
 0
 0
 0
 0
 0
 0
 0
 0
 5009
 11
 91
 265
 13
 6
 1401
 0
 16
 0
 65
 5663
 15
 95
 24
 1
 32
 0
 4
 2
 125
 111
 4283
 88
 452
 0
 867
 0
 68
 0
 439
 184
 49
 5162
 253
 5
 266
 0
 73
 2
 30
 16
 1033
 212
 4760
 0
 843
 0
 31
 0
 18
 1
 22
 4
 13
 5378
 37
 294
 61
 110
 186
 11
 420
 149
 435
 1
 2371
 0
 84
 0
 0
 0
 0
 0
 0
 349
 1
 5240
 26
 269
 126
