# Created by Octave 6.2.0, Sat May 22 16:06:16 2021 GMT <unknown@DESKTOP-PM2CTTO>
# name: confMatrix2
# type: matrix
# ndims: 3
 10 11 50
 854
 4
 23
 34
 2
 1
 210
 0
 3
 0
 1
 952
 0
 12
 4
 0
 2
 0
 0
 0
 14
 8
 773
 11
 123
 0
 135
 0
 12
 0
 55
 28
 17
 880
 55
 2
 48
 0
 10
 0
 3
 5
 106
 32
 688
 0
 69
 0
 5
 0
 3
 0
 1
 2
 1
 878
 0
 35
 10
 11
 56
 1
 67
 23
 115
 0
 509
 0
 4
 1
 1
 0
 0
 0
 0
 63
 0
 900
 5
 40
 12
 2
 13
 6
 12
 7
 27
 1
 949
 0
 1
 0
 0
 0
 0
 49
 0
 64
 2
 948
 0
 0
 0
 0
 0
 0
 0
 0
 0
 0
 857
 4
 23
 37
 1
 1
 208
 0
 0
 0
 1
 955
 0
 9
 3
 0
 2
 0
 0
 0
 14
 7
 790
 11
 121
 0
 124
 0
 10
 0
 51
 25
 16
 880
 45
 2
 45
 0
 7
 0
 7
 5
 100
 40
 721
 0
 66
 0
 7
 0
 2
 0
 1
 2
 0
 889
 0
 31
 6
 9
 54
 2
 64
 17
 103
 0
 534
 0
 4
 2
 1
 0
 1
 0
 0
 59
 0
 912
 6
 40
 12
 2
 5
 4
 6
 3
 21
 1
 960
 0
 1
 0
 0
 0
 0
 46
 0
 56
 0
 949
 0
 0
 0
 0
 0
 0
 0
 0
 0
 0
 860
 4
 22
 35
 1
 1
 202
 0
 1
 0
 1
 958
 0
 10
 2
 0
 0
 0
 0
 0
 14
 5
 801
 9
 123
 0
 116
 0
 9
 0
 48
 24
 14
 885
 41
 2
 42
 0
 8
 0
 9
 5
 90
 37
 732
 0
 65
 0
 7
 0
 1
 0
 1
 3
 0
 900
 0
 30
 7
 6
 55
 2
 66
 17
 96
 0
 556
 0
 8
 2
 0
 0
 1
 0
 0
 55
 0
 916
 6
 40
 11
 2
 5
 4
 5
 3
 19
 1
 954
 0
 1
 0
 0
 0
 0
 39
 0
 53
 0
 952
 0
 0
 0
 0
 0
 0
 0
 0
 0
 0
 861
 4
 20
 35
 0
 1
 201
 0
 1
 0
 1
 960
 1
 12
 2
 0
 0
 0
 0
 0
 16
 3
 804
 10
 124
 0
 111
 0
 9
 0
 46
 23
 14
 887
 42
 1
 39
 0
 8
 0
 8
 5
 90
 32
 739
 0
 65
 0
 7
 0
 1
 0
 1
 3
 0
 904
 0
 28
 6
 6
 54
 3
 64
 16
 87
 0
 567
 0
 8
 2
 0
 0
 1
 0
 0
 55
 0
 921
 6
 40
 12
 2
 5
 5
 6
 2
 17
 1
 955
 0
 1
 0
 0
 0
 0
 37
 0
 50
 0
 952
 0
 0
 0
 0
 0
 0
 0
 0
 0
 0
 865
 2
 20
 35
 0
 0
 192
 0
 1
 0
 1
 958
 2
 12
 2
 0
 0
 0
 1
 0
 20
 3
 802
 10
 121
 0
 110
 0
 9
 0
 43
 25
 13
 889
 40
 1
 38
 0
 6
 0
 6
 6
 92
 30
 749
 0
 68
 0
 7
 0
 1
 0
 1
 3
 0
 907
 0
 26
 6
 6
 51
 4
 64
 16
 82
 0
 576
 0
 8
 2
 0
 0
 1
 0
 0
 55
 0
 926
 6
 37
 12
 2
 5
 5
 6
 2
 16
 1
 956
 0
 1
 0
 0
 0
 0
 35
 0
 47
 0
 955
 0
 0
 0
 0
 0
 0
 0
 0
 0
 0
 864
 2
 20
 36
 0
 0
 192
 0
 1
 0
 1
 958
 2
 12
 2
 0
 0
 0
 1
 0
 21
 3
 801
 10
 117
 0
 105
 0
 7
 0
 42
 25
 15
 888
 40
 1
 38
 0
 6
 0
 6
 6
 91
 29
 752
 0
 67
 0
 6
 1
 1
 0
 1
 3
 0
 916
 0
 26
 6
 6
 52
 4
 64
 17
 84
 0
 583
 0
 10
 1
 0
 0
 1
 0
 0
 49
 0
 927
 6
 37
 12
 2
 5
 5
 5
 3
 15
 1
 957
 0
 1
 0
 0
 0
 0
 31
 0
 46
 0
 955
 0
 0
 0
 0
 0
 0
 0
 0
 0
 0
 866
 2
 21
 36
 0
 0
 189
 0
 1
 0
 1
 958
 2
 11
 1
 0
 0
 0
 1
 0
 20
 3
 802
 10
 117
 0
 103
 0
 6
 0
 40
 25
 15
 891
 40
 1
 36
 0
 6
 0
 6
 6
 90
 28
 753
 0
 66
 0
 6
 1
 1
 0
 1
 2
 0
 918
 0
 24
 6
 5
 53
 4
 65
 18
 83
 0
 591
 0
 10
 1
 0
 0
 1
 0
 0
 47
 0
 932
 6
 37
 12
 2
 3
 4
 6
 3
 15
 1
 958
 0
 1
 0
 0
 0
 0
 31
 0
 43
 0
 956
 0
 0
 0
 0
 0
 0
 0
 0
 0
 0
 866
 2
 24
 36
 0
 0
 185
 0
 2
 0
 1
 958
 2
 11
 1
 0
 0
 0
 1
 0
 20
 3
 806
 9
 116
 0
 105
 0
 7
 0
 39
 25
 16
 893
 41
 1
 34
 0
 6
 0
 6
 7
 89
 28
 753
 0
 67
 0
 5
 1
 1
 0
 1
 2
 0
 923
 0
 24
 6
 5
 54
 3
 59
 17
 83
 0
 596
 0
 10
 1
 0
 0
 1
 0
 0
 43
 0
 934
 6
 36
 12
 2
 2
 4
 6
 3
 13
 0
 957
 0
 1
 0
 0
 0
 0
 30
 0
 42
 0
 957
 0
 0
 0
 0
 0
 0
 0
 0
 0
 0
 866
 2
 23
 35
 0
 0
 185
 0
 2
 0
 1
 958
 2
 11
 1
 0
 1
 0
 1
 0
 18
 3
 812
 8
 115
 1
 105
 0
 7
 0
 38
 25
 16
 895
 40
 0
 34
 0
 7
 0
 6
 7
 89
 27
 754
 0
 66
 0
 4
 1
 1
 0
 1
 2
 0
 927
 0
 20
 6
 5
 56
 3
 54
 18
 84
 0
 596
 0
 10
 1
 0
 0
 1
 0
 0
 42
 0
 937
 5
 35
 13
 2
 2
 4
 6
 3
 12
 0
 958
 0
 1
 0
 0
 0
 0
 27
 1
 43
 0
 958
 0
 0
 0
 0
 0
 0
 0
 0
 0
 0
 864
 2
 22
 34
 0
 0
 186
 0
 2
 0
 1
 958
 2
 11
 1
 0
 2
 0
 1
 0
 18
 3
 812
 8
 112
 1
 103
 0
 7
 0
 38
 25
 17
 896
 40
 0
 31
 0
 7
 0
 6
 7
 87
 27
 759
 0
 67
 0
 4
 1
 2
 0
 1
 2
 0
 931
 0
 19
 6
 5
 58
 3
 57
 18
 82
 0
 598
 0
 11
 1
 0
 0
 1
 0
 0
 40
 0
 938
 5
 35
 13
 2
 1
 4
 6
 3
 12
 0
 957
 0
 0
 0
 0
 0
 0
 25
 1
 43
 0
 958
 0
 0
 0
 0
 0
 0
 0
 0
 0
 0
 865
 3
 22
 33
 0
 0
 188
 0
 2
 0
 1
 958
 2
 11
 1
 0
 2
 0
 1
 0
 18
 3
 819
 9
 110
 1
 103
 0
 6
 0
 35
 24
 16
 896
 41
 0
 31
 0
 6
 0
 5
 6
 83
 27
 760
 0
 66
 0
 5
 1
 2
 0
 1
 2
 0
 934
 0
 19
 5
 5
 61
 4
 55
 18
 82
 0
 597
 0
 11
 1
 0
 0
 1
 0
 0
 38
 0
 938
 5
 33
 13
 2
 1
 4
 6
 3
 12
 0
 959
 0
 0
 0
 0
 0
 0
 24
 1
 43
 0
 960
 0
 0
 0
 0
 0
 0
 0
 0
 0
 0
 867
 3
 22
 33
 1
 0
 189
 0
 2
 0
 0
 959
 1
 11
 1
 0
 2
 0
 1
 0
 19
 2
 821
 9
 110
 1
 104
 0
 6
 0
 35
 24
 16
 896
 39
 0
 32
 0
 5
 0
 5
 6
 83
 27
 763
 0
 64
 0
 4
 1
 2
 0
 1
 2
 0
 937
 0
 19
 4
 6
 59
 5
 54
 18
 81
 0
 595
 0
 13
 1
 0
 0
 1
 0
 0
 35
 0
 937
 5
 33
 13
 1
 1
 4
 5
 3
 13
 0
 960
 0
 0
 0
 0
 0
 0
 24
 1
 44
 0
 959
 0
 0
 0
 0
 0
 0
 0
 0
 0
 0
 868
 3
 22
 33
 1
 0
 186
 0
 2
 0
 0
 959
 1
 11
 1
 0
 2
 0
 1
 0
 19
 2
 823
 8
 109
 1
 104
 0
 6
 0
 33
 24
 16
 897
 40
 0
 32
 0
 5
 0
 5
 6
 83
 27
 765
 0
 65
 0
 4
 1
 2
 0
 1
 2
 0
 936
 0
 18
 4
 6
 60
 5
 52
 18
 79
 0
 598
 0
 12
 1
 0
 0
 1
 0
 0
 36
 0
 938
 5
 32
 13
 1
 1
 4
 5
 3
 12
 0
 961
 0
 0
 0
 0
 0
 0
 24
 1
 44
 0
 960
 0
 0
 0
 0
 0
 0
 0
 0
 0
 0
 868
 3
 22
 32
 1
 0
 184
 0
 2
 0
 0
 961
 1
 11
 1
 0
 2
 0
 1
 0
 19
 1
 824
 9
 107
 1
 103
 0
 6
 0
 33
 23
 16
 896
 40
 0
 32
 0
 5
 0
 5
 6
 82
 27
 768
 0
 63
 0
 4
 1
 2
 0
 1
 2
 0
 936
 0
 17
 4
 5
 60
 5
 52
 19
 78
 0
 603
 0
 13
 1
 0
 0
 1
 0
 0
 36
 0
 940
 5
 31
 13
 1
 1
 4
 5
 3
 12
 0
 960
 0
 0
 0
 0
 0
 0
 24
 1
 43
 0
 962
 0
 0
 0
 0
 0
 0
 0
 0
 0
 0
 869
 3
 21
 32
 1
 0
 184
 0
 2
 0
 0
 961
 1
 11
 1
 0
 2
 0
 1
 0
 19
 1
 825
 10
 106
 1
 103
 0
 6
 0
 33
 23
 17
 895
 40
 0
 32
 0
 5
 0
 4
 6
 80
 27
 771
 0
 60
 0
 4
 1
 2
 0
 1
 2
 0
 934
 0
 16
 4
 5
 60
 5
 54
 19
 76
 0
 606
 0
 13
 1
 0
 0
 1
 0
 0
 36
 0
 942
 5
 31
 13
 1
 0
 4
 5
 3
 12
 0
 960
 0
 0
 0
 0
 0
 0
 26
 1
 42
 0
 962
 0
 0
 0
 0
 0
 0
 0
 0
 0
 0
 867
 3
 23
 32
 1
 0
 184
 0
 2
 0
 0
 961
 0
 10
 1
 0
 2
 0
 1
 0
 19
 1
 824
 10
 107
 1
 103
 0
 6
 0
 33
 23
 16
 896
 39
 0
 32
 0
 6
 0
 5
 6
 81
 28
 771
 0
 61
 0
 3
 1
 2
 0
 1
 2
 0
 933
 0
 16
 4
 5
 61
 5
 54
 18
 76
 0
 606
 0
 13
 1
 0
 0
 1
 0
 0
 36
 0
 943
 5
 31
 13
 1
 0
 4
 5
 4
 11
 0
 960
 0
 0
 0
 0
 0
 0
 26
 1
 41
 0
 962
 0
 0
 0
 0
 0
 0
 0
 0
 0
 0
 869
 3
 23
 30
 1
 0
 186
 0
 2
 0
 0
 961
 0
 10
 1
 0
 2
 0
 1
 0
 19
 1
 822
 10
 106
 1
 102
 0
 6
 0
 32
 23
 16
 900
 39
 0
 31
 0
 6
 0
 5
 6
 83
 27
 772
 0
 62
 0
 3
 1
 2
 0
 1
 2
 0
 934
 0
 14
 4
 5
 60
 5
 54
 17
 76
 0
 605
 0
 13
 1
 0
 0
 1
 0
 0
 37
 0
 947
 5
 32
 13
 1
 0
 4
 5
 4
 11
 0
 960
 0
 0
 0
 0
 0
 0
 24
 1
 39
 0
 961
 0
 0
 0
 0
 0
 0
 0
 0
 0
 0
 871
 3
 22
 29
 1
 0
 186
 0
 2
 0
 0
 961
 0
 9
 1
 0
 2
 0
 1
 0
 19
 1
 823
 11
 104
 1
 102
 0
 6
 0
 30
 23
 15
 900
 38
 0
 31
 0
 5
 0
 5
 6
 85
 27
 773
 0
 61
 0
 3
 1
 2
 0
 1
 2
 0
 934
 0
 13
 4
 5
 60
 5
 53
 18
 78
 0
 606
 0
 12
 1
 0
 0
 1
 0
 0
 37
 0
 949
 5
 32
 13
 1
 0
 4
 5
 4
 11
 0
 962
 0
 0
 0
 0
 0
 0
 24
 1
 38
 0
 961
 0
 0
 0
 0
 0
 0
 0
 0
 0
 0
 873
 3
 22
 29
 1
 0
 187
 0
 2
 0
 0
 961
 0
 9
 1
 0
 2
 0
 1
 0
 19
 1
 822
 11
 103
 1
 102
 0
 6
 0
 30
 23
 15
 900
 37
 0
 31
 0
 5
 0
 5
 6
 86
 27
 775
 0
 61
 0
 3
 1
 2
 0
 1
 2
 0
 935
 0
 12
 4
 5
 59
 5
 53
 18
 78
 0
 606
 0
 12
 1
 0
 0
 1
 0
 0
 37
 0
 952
 5
 32
 12
 1
 0
 4
 5
 4
 10
 0
 962
 0
 0
 0
 0
 0
 0
 23
 1
 36
 0
 961
 0
 0
 0
 0
 0
 0
 0
 0
 0
 0
 876
 3
 22
 29
 1
 0
 185
 0
 2
 0
 0
 961
 0
 9
 1
 0
 2
 0
 1
 0
 18
 1
 822
 11
 101
 1
 102
 0
 5
 0
 29
 23
 15
 901
 38
 0
 31
 0
 5
 0
 5
 6
 86
 26
 777
 0
 64
 0
 3
 1
 1
 0
 1
 2
 0
 933
 0
 12
 4
 5
 59
 5
 53
 18
 77
 0
 606
 0
 13
 1
 0
 0
 1
 0
 0
 38
 0
 953
 5
 33
 12
 1
 0
 4
 5
 4
 9
 0
 962
 0
 0
 0
 0
 0
 0
 24
 1
 35
 0
 960
 0
 0
 0
 0
 0
 0
 0
 0
 0
 0
 875
 3
 22
 29
 1
 0
 184
 0
 2
 0
 0
 962
 0
 9
 1
 0
 2
 0
 1
 0
 18
 1
 821
 11
 101
 1
 100
 0
 5
 0
 29
 23
 15
 901
 38
 0
 31
 0
 5
 0
 5
 6
 86
 26
 779
 0
 67
 0
 3
 1
 1
 0
 1
 2
 0
 934
 0
 12
 4
 5
 60
 4
 54
 18
 76
 0
 606
 0
 13
 1
