# Created by Octave 6.2.0, Tue May 25 01:42:35 2021 GMT <unknown@DESKTOP-PM2CTTO>
# name: confMatrix1
# type: matrix
# ndims: 3
 10 11 50
 4869
 12
 91
 144
 12
 2
 971
 0
 22
 1
 24
 5774
 10
 75
 23
 2
 23
 0
 5
 0
 96
 24
 4725
 79
 640
 1
 733
 0
 29
 0
 442
 163
 59
 5374
 283
 2
 245
 0
 53
 0
 13
 7
 598
 141
 4350
 0
 452
 0
 27
 0
 35
 2
 30
 16
 18
 5568
 36
 452
 59
 114
 420
 14
 430
 143
 633
 0
 3425
 0
 82
 0
 0
 0
 1
 0
 0
 226
 4
 5106
 22
 171
 96
 4
 56
 26
 40
 28
 110
 17
 5688
 2
 5
 0
 0
 2
 1
 171
 1
 425
 13
 5712
 0
 0
 0
 0
 0
 0
 0
 0
 0
 0
 4971
 14
 90
 143
 10
 3
 934
 0
 14
 1
 21
 5796
 11
 53
 23
 0
 26
 0
 5
 1
 98
 23
 4833
 61
 598
 1
 654
 0
 34
 0
 393
 145
 68
 5450
 252
 1
 229
 0
 46
 0
 22
 8
 548
 153
 4548
 0
 446
 0
 23
 0
 24
 1
 12
 7
 11
 5659
 10
 400
 24
 100
 398
 9
 381
 113
 524
 0
 3606
 0
 76
 1
 0
 0
 1
 0
 1
 178
 3
 5230
 22
 160
 70
 4
 56
 19
 32
 24
 91
 17
 5747
 3
 3
 0
 0
 1
 1
 134
 1
 353
 9
 5734
 0
 0
 0
 0
 0
 0
 0
 0
 0
 0
 5035
 15
 79
 135
 8
 5
 897
 0
 5
 2
 23
 5811
 8
 45
 23
 0
 23
 0
 5
 0
 95
 20
 4874
 46
 554
 0
 589
 0
 31
 0
 352
 127
 67
 5494
 235
 2
 214
 0
 37
 0
 23
 10
 559
 163
 4697
 0
 440
 0
 29
 1
 18
 1
 5
 3
 8
 5704
 6
 351
 17
 90
 385
 12
 359
 95
 443
 1
 3742
 0
 71
 1
 0
 0
 1
 0
 1
 154
 2
 5317
 20
 153
 66
 4
 48
 18
 30
 22
 86
 17
 5777
 4
 3
 0
 0
 1
 1
 112
 1
 315
 8
 5749
 0
 0
 0
 0
 0
 0
 0
 0
 0
 0
 5073
 14
 73
 135
 8
 4
 861
 0
 7
 2
 22
 5817
 7
 43
 20
 0
 22
 0
 6
 0
 96
 19
 4900
 41
 520
 0
 549
 0
 27
 0
 318
 125
 66
 5499
 226
 4
 209
 0
 35
 0
 20
 9
 565
 170
 4784
 0
 444
 0
 27
 1
 17
 1
 5
 1
 8
 5726
 5
 308
 16
 82
 389
 12
 346
 91
 408
 1
 3832
 0
 64
 1
 0
 0
 2
 0
 0
 141
 2
 5378
 19
 152
 64
 3
 36
 19
 26
 21
 75
 16
 5795
 4
 1
 0
 0
 1
 0
 103
 1
 298
 4
 5758
 0
 0
 0
 0
 0
 0
 0
 0
 0
 0
 5113
 14
 65
 135
 10
 3
 848
 0
 8
 2
 19
 5827
 7
 40
 19
 0
 23
 0
 5
 0
 90
 17
 4917
 43
 487
 1
 502
 0
 27
 0
 302
 119
 67
 5496
 221
 3
 196
 0
 33
 0
 19
 7
 563
 180
 4862
 0
 441
 0
 26
 1
 13
 1
 5
 1
 6
 5751
 1
 274
 16
 70
 383
 12
 342
 88
 370
 1
 3915
 0
 53
 1
 0
 0
 2
 0
 0
 126
 2
 5435
 18
 146
 60
 3
 32
 16
 25
 20
 71
 16
 5810
 4
 1
 0
 0
 1
 0
 95
 1
 275
 4
 5776
 0
 0
 0
 0
 0
 0
 0
 0
 0
 0
 5151
 16
 67
 131
 12
 3
 842
 0
 11
 2
 19
 5832
 7
 38
 17
 0
 20
 0
 5
 1
 88
 14
 4937
 41
 471
 0
 484
 0
 25
 0
 283
 116
 69
 5509
 211
 3
 189
 0
 31
 0
 20
 7
 555
 174
 4914
 0
 430
 0
 24
 1
 10
 1
 5
 1
 5
 5769
 1
 246
 14
 67
 380
 11
 329
 88
 347
 2
 3968
 0
 53
 1
 0
 0
 2
 0
 0
 119
 2
 5475
 17
 142
 49
 3
 29
 17
 23
 18
 63
 16
 5816
 4
 0
 0
 0
 1
 0
 86
 1
 263
 4
 5782
 0
 0
 0
 0
 0
 0
 0
 0
 0
 0
 5192
 17
 66
 128
 13
 3
 831
 0
 11
 2
 17
 5837
 7
 36
 14
 0
 20
 0
 6
 1
 89
 12
 4966
 39
 460
 0
 463
 1
 24
 0
 261
 112
 68
 5509
 209
 2
 182
 0
 29
 0
 21
 7
 544
 178
 4955
 0
 427
 0
 24
 1
 9
 1
 5
 1
 4
 5778
 1
 229
 15
 64
 366
 11
 316
 92
 324
 2
 4011
 0
 48
 1
 0
 0
 2
 0
 0
 116
 3
 5506
 17
 141
 45
 3
 26
 16
 21
 18
 61
 15
 5823
 3
 0
 0
 0
 1
 0
 81
 1
 249
 3
 5787
 0
 0
 0
 0
 0
 0
 0
 0
 0
 0
 5227
 17
 67
 131
 14
 2
 828
 0
 11
 2
 15
 5843
 7
 33
 9
 0
 20
 0
 6
 1
 90
 11
 4991
 40
 454
 0
 449
 1
 24
 0
 236
 108
 66
 5511
 199
 2
 171
 0
 28
 0
 23
 7
 537
 175
 4990
 0
 418
 0
 22
 1
 7
 1
 5
 1
 5
 5798
 1
 213
 15
 59
 357
 12
 300
 92
 308
 3
 4058
 0
 45
 1
 0
 0
 2
 0
 0
 106
 3
 5539
 16
 141
 45
 1
 25
 16
 21
 17
 51
 15
 5830
 3
 0
 0
 0
 1
 0
 72
 1
 232
 3
 5792
 0
 0
 0
 0
 0
 0
 0
 0
 0
 0
 5263
 17
 66
 128
 16
 1
 834
 0
 11
 2
 13
 5845
 7
 31
 7
 0
 20
 0
 6
 0
 89
 12
 5020
 41
 450
 0
 437
 1
 24
 0
 224
 107
 65
 5518
 192
 2
 165
 0
 25
 0
 22
 7
 526
 171
 5017
 0
 417
 0
 21
 2
 7
 1
 5
 1
 5
 5810
 1
 204
 13
 54
 341
 10
 284
 93
 294
 3
 4074
 0
 42
 0
 0
 0
 1
 0
 0
 100
 3
 5554
 16
 139
 41
 1
 26
 16
 19
 16
 48
 14
 5839
 3
 0
 0
 0
 1
 0
 68
 1
 227
 3
 5800
 0
 0
 0
 0
 0
 0
 0
 0
 0
 0
 5292
 19
 67
 125
 17
 1
 831
 0
 11
 2
 12
 5849
 7
 30
 6
 0
 20
 0
 5
 0
 88
 12
 5039
 42
 443
 0
 427
 1
 26
 0
 208
 104
 63
 5527
 183
 2
 158
 0
 25
 0
 23
 6
 521
 167
 5040
 0
 408
 0
 20
 2
 6
 1
 3
 1
 5
 5822
 1
 200
 12
 53
 330
 8
 274
 91
 289
 3
 4106
 0
 41
 0
 0
 0
 1
 0
 0
 94
 3
 5564
 14
 138
 41
 1
 25
 16
 17
 15
 45
 13
 5843
 2
 0
 0
 0
 1
 0
 63
 1
 222
 3
 5803
 0
 0
 0
 0
 0
 0
 0
 0
 0
 0
 5331
 19
 68
 123
 19
 1
 820
 0
 12
 2
 10
 5850
 7
 27
 7
 0
 18
 0
 5
 0
 86
 11
 5064
 43
 437
 0
 427
 1
 27
 0
 191
 104
 63
 5540
 174
 2
 157
 0
 23
 0
 23
 6
 508
 166
 5058
 0
 388
 0
 20
 2
 5
 1
 3
 1
 5
 5828
 1
 194
 12
 50
 316
 8
 263
 86
 283
 3
 4144
 0
 36
 0
 0
 0
 1
 0
 0
 94
 0
 5576
 13
 138
 38
 1
 23
 14
 17
 14
 44
 13
 5850
 3
 0
 0
 0
 0
 0
 58
 1
 216
 2
 5805
 0
 0
 0
 0
 0
 0
 0
 0
 0
 0
 5359
 18
 70
 125
 19
 1
 826
 0
 17
 2
 9
 5856
 6
 25
 7
 0
 18
 0
 5
 0
 82
 9
 5095
 45
 430
 0
 416
 1
 26
 0
 182
 100
 62
 5548
 175
 2
 151
 0
 19
 0
 22
 6
 489
 163
 5069
 0
 374
 0
 18
 2
 4
 1
 4
 1
 5
 5841
 0
 189
 11
 48
 304
 9
 253
 80
 277
 3
 4171
 0
 37
 0
 0
 0
 1
 0
 0
 90
 0
 5594
 13
 133
 38
 1
 20
 13
 18
 14
 43
 12
 5852
 3
 0
 0
 0
 0
 0
 49
 1
 204
 2
 5812
 0
 0
 0
 0
 0
 0
 0
 0
 0
 0
 5382
 16
 73
 123
 19
 1
 823
 0
 17
 2
 8
 5858
 6
 24
 7
 0
 17
 0
 5
 0
 82
 9
 5123
 45
 424
 0
 418
 1
 26
 0
 172
 100
 60
 5554
 168
 2
 145
 0
 19
 0
 23
 6
 468
 159
 5087
 0
 362
 0
 18
 2
 4
 1
 4
 2
 5
 5857
 0
 179
 11
 48
 293
 9
 246
 81
 272
 3
 4191
 0
 34
 0
 0
 0
 0
 0
 0
 81
 0
 5610
 12
 129
 36
 1
 20
 12
 18
 14
 43
 11
 5856
 3
 0
 0
 0
 0
 0
 42
 1
 199
 2
 5816
 0
 0
 0
 0
 0
 0
 0
 0
 0
 0
 5405
 16
 79
 124
 19
 0
 831
 0
 17
 2
 8
 5859
 5
 23
 7
 0
 16
 0
 5
 0
 81
 9
 5153
 46
 419
 0
 411
 1
 25
 0
 168
 99
 58
 5559
 165
 2
 138
 0
 18
 0
 24
 6
 456
 156
 5099
 0
 359
 0
 18
 1
 4
 1
 4
 2
 5
 5865
 0
 180
 10
 46
 277
 9
 226
 78
 268
 4
 4205
 0
 32
 0
 0
 0
 0
 0
 0
 76
 0
 5610
 11
 127
 33
 1
 19
 12
 18
 14
 39
 11
 5862
 3
 0
 0
 0
 0
 0
 39
 1
 198
 2
 5821
 0
 0
 0
 0
 0
 0
 0
 0
 0
 0
 5428
 16
 75
 122
 21
 0
 820
 0
 16
 2
 8
 5860
 5
 22
 7
 0
 15
 0
 4
 0
 83
 9
 5188
 46
 408
 0
 406
 1
 25
 0
 158
 98
 56
 5566
 158
 2
 134
 0
 17
 0
 21
 7
 439
 150
 5119
 0
 351
 0
 18
 0
 4
 1
 5
 2
 4
 5870
 0
 169
 9
 42
 265
 8
 213
 80
 266
 4
 4235
 0
 29
 0
 0
 0
 0
 0
 0
 74
 0
 5626
 11
 125
 33
 1
 19
 12
 17
 13
 38
 11
 5869
 2
 0
 0
 0
 0
 0
 37
 1
 193
 2
 5829
 0
 0
 0
 0
 0
 0
 0
 0
 0
 0
 5447
 17
 78
 120
 22
 0
 822
 0
 17
 2
 8
 5863
 5
 20
 7
 0
 15
 0
 4
 0
 81
 9
 5212
 48
 406
 0
 403
 0
 23
 0
 148
 94
 54
 5569
 156
 2
 131
 0
 16
 0
 20
 7
 426
 147
 5131
 0
 337
 0
 17
 0
 3
 1
 5
 2
 4
 5875
 0
 165
 9
 39
 260
 8
 203
 83
 257
 4
 4255
 1
 28
 0
 0
 0
 0
 0
 0
 72
 0
 5639
 11
 120
 33
 1
 17
 11
 17
 12
 36
 11
 5873
 3
 0
 0
 0
 0
 0
 35
 1
 184
 2
 5836
 0
 0
 0
 0
 0
 0
 0
 0
 0
 0
 5469
 17
 78
 118
 23
 0
 819
 0
 15
 2
 8
 5865
 5
 20
 6
 0
 15
 0
 4
 0
 80
 9
 5226
 46
 402
 0
 401
 0
 25
 0
 144
 93
 54
 5582
 155
 2
 128
 0
 15
 0
 19
 7
 420
 141
 5139
 0
 328
 0
 17
 0
 3
 1
 5
 2
 3
 5886
 0
 159
 8
 36
 246
 7
 196
 80
 257
 4
 4275
 1
 27
 0
 0
 0
 0
 0
 0
 66
 0
 5650
 10
 117
 31
 1
 16
 11
 15
 11
 33
 11
 5876
 3
 0
 0
 0
 0
 0
 31
 1
 179
 3
 5842
 0
 0
 0
 0
 0
 0
 0
 0
 0
 0
 5481
 17
 80
 119
 23
 0
 816
 0
 16
 2
 6
 5866
 5
 18
 6
 0
 14
 0
 4
 0
 80
 9
 5236
 46
 404
 0
 396
 0
 25
 0
 141
 92
 53
 5590
 156
 2
 127
 0
 14
 0
 19
 7
 415
 135
 5144
 0
 319
 0
 16
 0
 3
 1
 4
 2
 3
 5893
 0
 147
 6
 36
 242
 7
 191
 79
 249
 3
 4296
 1
 26
 0
 0
 0
 0
 0
 0
 63
 0
 5669
 11
 115
 28
 1
 16
 11
 15
 10
 31
 11
 5879
 3
 0
 0
 0
 0
 0
 29
 1
 172
 3
 5844
 0
 0
 0
 0
 0
 0
 0
 0
 0
 0
 5496
 18
 81
 117
 24
 0
 807
 0
 19
 2
 6
 5866
 5
 17
 6
 0
 14
 0
 4
 0
 80
 7
 5254
 45
 398
 0
 381
 0
 25
 0
 137
 92
 52
 5600
 156
 2
 124
 0
 13
 0
 19
 8
 409
 129
 5155
 0
 311
 0
 16
 0
 3
 1
 5
 2
 3
 5895
 0
