# Created by Octave 6.2.0, Sat May 22 12:49:29 2021 GMT <unknown@DESKTOP-PM2CTTO>
# name: confMatrix1
# type: matrix
# ndims: 3
 10 11 50
 4783
 4
 70
 174
 8
 4
 1054
 0
 7
 0
 8
 5645
 3
 49
 7
 1
 12
 0
 3
 0
 76
 50
 3859
 58
 251
 1
 618
 0
 23
 1
 561
 228
 65
 5280
 221
 6
 340
 0
 79
 2
 71
 38
 1397
 285
 5072
 1
 911
 0
 48
 0
 41
 4
 34
 11
 16
 5358
 56
 295
 68
 130
 328
 23
 494
 117
 380
 5
 2835
 0
 95
 2
 1
 0
 1
 0
 0
 394
 5
 5360
 27
 323
 125
 7
 77
 25
 44
 43
 168
 10
 5643
 2
 6
 1
 0
 1
 1
 187
 1
 335
 7
 5540
 0
 0
 0
 0
 0
 0
 0
 0
 0
 0
 4716
 4
 53
 130
 7
 5
 902
 0
 7
 0
 8
 5679
 3
 47
 9
 2
 12
 0
 4
 0
 90
 45
 4025
 60
 272
 0
 607
 0
 25
 0
 550
 207
 60
 5354
 223
 6
 296
 0
 77
 2
 59
 26
 1230
 256
 5010
 1
 741
 0
 47
 0
 28
 2
 26
 5
 10
 5427
 33
 255
 58
 128
 444
 31
 537
 124
 432
 1
 3251
 0
 98
 1
 0
 0
 2
 0
 0
 362
 4
 5464
 28
 320
 101
 6
 64
 23
 36
 34
 153
 11
 5650
 2
 4
 0
 0
 1
 1
 162
 1
 270
 6
 5547
 0
 0
 0
 0
 0
 0
 0
 0
 0
 0
 4741
 2
 40
 122
 7
 4
 851
 0
 9
 0
 9
 5699
 4
 46
 9
 0
 15
 0
 3
 0
 97
 46
 4161
 62
 277
 0
 603
 0
 24
 0
 518
 200
 62
 5372
 221
 7
 279
 0
 67
 2
 56
 25
 1123
 240
 4998
 1
 665
 0
 44
 0
 21
 2
 19
 4
 7
 5468
 25
 216
 42
 120
 449
 18
 531
 133
 449
 1
 3408
 0
 82
 0
 2
 1
 3
 0
 0
 338
 4
 5536
 29
 305
 102
 7
 57
 20
 31
 32
 149
 11
 5694
 4
 5
 0
 0
 1
 1
 149
 1
 237
 6
 5569
 0
 0
 0
 0
 0
 0
 0
 0
 0
 0
 4807
 3
 45
 129
 5
 4
 857
 0
 9
 0
 11
 5709
 2
 47
 8
 0
 19
 0
 3
 0
 92
 45
 4229
 62
 284
 0
 582
 0
 27
 0
 465
 195
 59
 5364
 211
 6
 267
 0
 59
 2
 50
 25
 1067
 238
 5019
 2
 633
 0
 41
 0
 19
 2
 16
 4
 5
 5490
 19
 192
 36
 114
 453
 14
 518
 135
 438
 1
 3471
 0
 69
 0
 1
 1
 3
 0
 0
 326
 3
 5578
 26
 298
 97
 6
 61
 20
 29
 29
 148
 13
 5725
 4
 5
 0
 0
 1
 1
 142
 1
 217
 5
 5582
 0
 0
 0
 0
 0
 0
 0
 0
 0
 0
 4863
 3
 48
 133
 4
 4
 878
 0
 12
 0
 11
 5716
 3
 49
 8
 0
 20
 0
 2
 0
 101
 39
 4293
 56
 287
 0
 566
 0
 26
 0
 431
 194
 52
 5372
 195
 4
 244
 0
 49
 2
 49
 29
 1025
 239
 5070
 1
 628
 0
 42
 0
 15
 2
 14
 3
 4
 5515
 14
 178
 29
 110
 438
 11
 499
 131
 406
 0
 3505
 0
 61
 1
 1
 1
 3
 0
 0
 314
 2
 5595
 25
 295
 88
 5
 63
 17
 25
 28
 142
 17
 5751
 4
 3
 0
 0
 0
 1
 134
 1
 210
 3
 5588
 0
 0
 0
 0
 0
 0
 0
 0
 0
 0
 4912
 5
 51
 136
 4
 4
 898
 0
 12
 0
 11
 5726
 2
 44
 8
 0
 20
 0
 2
 0
 105
 35
 4344
 56
 288
 0
 538
 0
 28
 0
 395
 183
 52
 5367
 183
 4
 231
 0
 45
 2
 56
 35
 999
 248
 5115
 1
 630
 0
 41
 0
 13
 2
 10
 2
 3
 5550
 10
 163
 28
 105
 420
 9
 480
 132
 374
 0
 3531
 0
 53
 2
 1
 1
 1
 0
 0
 298
 1
 5617
 26
 293
 84
 4
 61
 15
 24
 26
 140
 17
 5762
 2
 3
 0
 0
 0
 1
 117
 1
 203
 3
 5596
 0
 0
 0
 0
 0
 0
 0
 0
 0
 0
 4948
 7
 50
 139
 5
 4
 899
 0
 13
 0
 9
 5737
 2
 42
 10
 1
 18
 0
 2
 0
 102
 33
 4399
 51
 286
 0
 524
 0
 27
 0
 371
 177
 50
 5374
 179
 5
 217
 0
 43
 2
 60
 34
 966
 250
 5134
 1
 624
 0
 43
 0
 11
 1
 7
 1
 3
 5576
 4
 152
 26
 93
 412
 7
 463
 130
 360
 0
 3578
 0
 53
 2
 1
 1
 1
 0
 1
 276
 1
 5627
 26
 285
 83
 3
 62
 13
 21
 24
 134
 17
 5764
 2
 3
 0
 0
 0
 1
 113
 1
 204
 3
 5616
 0
 0
 0
 0
 0
 0
 0
 0
 0
 0
 4963
 9
 52
 136
 5
 5
 891
 0
 13
 0
 7
 5752
 2
 38
 10
 1
 17
 0
 2
 0
 101
 32
 4440
 49
 288
 0
 519
 0
 26
 0
 365
 161
 52
 5381
 180
 4
 212
 0
 39
 2
 62
 35
 942
 255
 5150
 1
 612
 0
 42
 0
 9
 1
 6
 1
 3
 5588
 2
 142
 23
 84
 409
 6
 445
 125
 342
 0
 3618
 0
 54
 2
 1
 1
 1
 0
 1
 268
 0
 5639
 26
 277
 80
 3
 60
 15
 20
 23
 128
 16
 5772
 2
 3
 0
 0
 0
 1
 110
 1
 203
 3
 5633
 0
 0
 0
 0
 0
 0
 0
 0
 0
 0
 4972
 11
 54
 136
 5
 5
 880
 0
 13
 0
 8
 5759
 2
 37
 10
 1
 18
 0
 2
 0
 104
 31
 4482
 49
 297
 0
 508
 0
 26
 0
 359
 156
 49
 5389
 182
 4
 205
 0
 37
 2
 59
 33
 917
 259
 5149
 1
 606
 0
 43
 0
 9
 1
 5
 0
 2
 5611
 1
 135
 19
 75
 408
 5
 433
 116
 334
 0
 3656
 0
 53
 2
 1
 1
 0
 0
 1
 250
 0
 5646
 24
 278
 78
 3
 58
 14
 19
 23
 125
 15
 5780
 2
 2
 0
 0
 0
 1
 105
 1
 204
 3
 5641
 0
 0
 0
 0
 0
 0
 0
 0
 0
 0
 4985
 11
 53
 134
 5
 5
 872
 0
 13
 1
 8
 5767
 2
 33
 9
 1
 19
 0
 2
 0
 106
 30
 4510
 49
 303
 0
 500
 0
 24
 0
 352
 151
 50
 5413
 185
 4
 202
 0
 36
 2
 56
 31
 894
 250
 5151
 1
 600
 0
 44
 0
 7
 1
 5
 0
 2
 5617
 1
 135
 18
 70
 407
 5
 429
 108
 326
 0
 3685
 0
 51
 2
 1
 1
 0
 0
 1
 247
 0
 5650
 22
 270
 76
 3
 57
 13
 18
 23
 120
 15
 5785
 2
 2
 0
 0
 0
 0
 102
 1
 200
 5
 5653
 0
 0
 0
 0
 0
 0
 0
 0
 0
 0
 4992
 11
 52
 129
 5
 5
 862
 0
 13
 0
 7
 5773
 2
 31
 9
 0
 18
 0
 2
 0
 108
 27
 4538
 49
 310
 0
 497
 0
 23
 0
 344
 149
 51
 5427
 186
 3
 202
 0
 35
 3
 58
 31
 884
 246
 5148
 1
 592
 0
 48
 0
 6
 1
 5
 0
 2
 5628
 1
 132
 18
 65
 408
 5
 411
 106
 323
 0
 3711
 0
 52
 2
 1
 0
 0
 0
 1
 241
 0
 5657
 22
 263
 74
 3
 57
 12
 16
 21
 116
 15
 5782
 4
 2
 0
 0
 0
 0
 101
 1
 196
 5
 5663
 0
 0
 0
 0
 0
 0
 0
 0
 0
 0
 5000
 11
 51
 124
 5
 5
 850
 0
 13
 0
 7
 5775
 2
 27
 8
 0
 17
 0
 2
 0
 110
 25
 4565
 47
 306
 0
 488
 0
 24
 0
 335
 150
 54
 5445
 187
 3
 198
 0
 35
 2
 58
 30
 859
 239
 5146
 0
 588
 0
 49
 0
 6
 1
 5
 1
 2
 5640
 1
 126
 18
 61
 408
 5
 409
 103
 329
 0
 3744
 0
 50
 1
 1
 0
 0
 1
 1
 232
 0
 5666
 22
 260
 73
 3
 55
 12
 16
 21
 113
 15
 5782
 4
 2
 0
 0
 1
 0
 99
 1
 193
 5
 5672
 0
 0
 0
 0
 0
 0
 0
 0
 0
 0
 5002
 11
 50
 122
 5
 4
 841
 0
 13
 0
 7
 5782
 3
 27
 8
 0
 16
 0
 2
 0
 107
 25
 4587
 46
 309
 0
 484
 0
 24
 0
 333
 144
 54
 5453
 188
 3
 198
 0
 34
 2
 56
 27
 845
 234
 5143
 0
 580
 0
 49
 0
 5
 1
 4
 1
 2
 5644
 1
 121
 16
 57
 414
 6
 404
 103
 328
 0
 3766
 0
 50
 1
 2
 0
 0
 1
 1
 228
 0
 5676
 22
 261
 72
 3
 53
 12
 16
 21
 113
 16
 5785
 4
 2
 1
 0
 1
 0
 100
 1
 187
 5
 5675
 0
 0
 0
 0
 0
 0
 0
 0
 0
 0
 5001
 11
 49
 120
 5
 4
 826
 0
 14
 1
 6
 5786
 3
 25
 8
 0
 16
 0
 2
 0
 107
 23
 4613
 47
 308
 0
 474
 1
 25
 0
 336
 144
 54
 5461
 185
 3
 198
 0
 32
 2
 56
 25
 830
 228
 5148
 0
 575
 0
 49
 0
 6
 1
 4
 1
 2
 5648
 1
 117
 15
 53
 416
 6
 396
 104
 327
 0
 3800
 0
 48
 0
 2
 0
 0
 1
 1
 224
 0
 5680
 21
 256
 69
 3
 51
 12
 16
 23
 109
 15
 5790
 4
 1
 1
 0
 1
 0
 98
 1
 187
 4
 5684
 0
 0
 0
 0
 0
 0
 0
 0
 0
 0
 5010
 11
 49
 115
 5
 4
 821
 0
 14
 1
 6
 5792
 3
 24
 7
 0
 17
 0
 2
 0
 107
 22
 4629
 46
 304
 0
 464
 1
 25
 0
 335
 141
 56
 5466
 186
 3
 198
 0
 32
 2
 53
 23
 817
 228
 5157
 0
 569
 0
 49
 0
 7
 1
 4
 1
 2
 5653
 1
 116
 13
 52
 409
 6
 393
 106
 322
 0
 3823
 0
 48
 0
 2
 0
 0
 1
 1
 220
 0
 5689
 20
 256
 70
 3
 49
 12
 16
 22
 106
 15
 5793
 4
 1
 1
 0
 1
 0
 98
 1
 179
 4
 5685
 0
 0
 0
 0
 0
 0
 0
 0
 0
 0
 5006
 11
 50
 112
 5
 4
 810
 0
 14
 1
 7
 5794
 3
 25
 7
 0
 17
 0
 2
 0
 107
 22
 4645
 44
 309
 0
 457
 1
 25
 0
 338
 141
 56
 5475
 185
 3
 197
 0
 32
 3
 51
 22
 801
 224
 5156
 0
 561
 0
 48
 0
 7
 1
 4
 1
 2
 5656
 1
 114
 13
 50
 411
 5
 392
 105
 321
 0
 3850
 0
 47
 0
 3
 0
 0
 1
 1
 217
 0
 5698
 19
 255
 69
 3
 49
 12
 14
 22
 106
 15
 5796
 4
 1
 1
 0
 1
 0
 98
 1
 172
 4
 5687
 0
 0
 0
 0
 0
 0
 0
 0
 0
 0
 5005
 11
 49
 111
 6
 4
 798
 0
 15
 1
 7
 5798
 3
 25
 7
 0
 17
 0
 2
 0
 107
 21
 4657
 42
 310
 0
 453
 1
 24
 0
 339
 138
 57
 5481
 183
 3
 201
 0
 32
 2
 50
 21
 792
 221
 5161
 0
 552
 0
 47
 1
 7
 1
 4
 1
 2
 5664
 1
 112
 13
 49
 411
 6
 391
 104
 316
 0
 3873
 0
 48
 0
 3
 0
 0
 1
 1
 210
 0
 5700
 19
 252
 69
 3
 47
 13
 14
 21
 104
 14
 5796
 4
 2
 1
 0
 1
 0
 98
 1
 173
 4
 5691
 0
 0
 0
 0
 0
 0
 0
 0
 0
 0
 5004
 11
 49
 109
 6
 3
 794
 0
 15
 1
 8
 5804
 3
 27
 7
 0
 17
 0
 2
 0
 105
 19
 4667
 42
 307
 0
 452
 1
 24
 0
 337
 134
 57
 5481
 184
 3
 201
 0
 32
 2
 50
 21
 785
 220
 5164
 0
 548
 0
 45
 1
 7
 1
 3
 1
 2
 5666
 1
 107
 12
 49
 416
 6
 389
 104
 314
 1
 3885
 0
 50
 0
 3
 0
 0
 2
 1
 211
 0
 5713
 19
 247
 69
 3
 47
 13
 15
 21
 101
 13
 5797
 4
 1
 1
 0
 1
 0
 95
 1
 166
 4
 5696
 0
 0
 0
 0
 0
 0
 0
 0
 0
 0
 5010
 10
 49
 110
 6
 3
 786
 0
 15
 1
 9
 5806
 3
 26
 7
 0
 17
 0
 2
 0
 106
 19
 4686
 40
 304
 0
 441
 1
 22
 0
 329
 134
 57
 5484
 186
 3
 199
