# Created by Octave 6.2.0, Sat May 22 15:02:27 2021 GMT <unknown@DESKTOP-PM2CTTO>
# name: confMatrix1
# type: matrix
# ndims: 3
 10 11 50
 4760
 6
 74
 177
 11
 4
 1013
 0
 5
 1
 7
 5654
 5
 46
 9
 0
 12
 0
 3
 0
 78
 48
 3873
 54
 248
 1
 613
 0
 22
 0
 541
 219
 65
 5266
 208
 8
 324
 0
 82
 2
 72
 40
 1398
 293
 5071
 0
 910
 0
 50
 0
 57
 5
 44
 18
 22
 5331
 67
 303
 82
 146
 349
 20
 462
 120
 382
 4
 2885
 0
 94
 2
 1
 0
 3
 0
 1
 414
 5
 5354
 36
 324
 129
 7
 76
 24
 47
 44
 170
 11
 5617
 1
 6
 1
 0
 2
 1
 194
 1
 332
 9
 5524
 0
 0
 0
 0
 0
 0
 0
 0
 0
 0
 4706
 2
 53
 131
 6
 3
 861
 0
 7
 0
 8
 5669
 4
 44
 7
 2
 13
 0
 4
 0
 93
 51
 4063
 70
 284
 0
 644
 0
 26
 0
 541
 208
 60
 5338
 205
 6
 304
 0
 93
 2
 68
 36
 1241
 258
 5013
 1
 801
 0
 52
 0
 33
 3
 25
 6
 13
 5422
 44
 267
 63
 147
 437
 25
 489
 131
 434
 2
 3177
 0
 104
 0
 0
 0
 4
 0
 0
 373
 5
 5447
 32
 326
 108
 6
 61
 20
 37
 37
 150
 11
 5613
 1
 6
 0
 0
 2
 1
 154
 1
 275
 6
 5524
 0
 0
 0
 0
 0
 0
 0
 0
 0
 0
 4698
 0
 43
 118
 4
 3
 808
 0
 9
 0
 8
 5691
 3
 45
 7
 2
 15
 0
 5
 0
 109
 54
 4192
 80
 317
 0
 678
 0
 33
 0
 523
 193
 58
 5352
 206
 5
 283
 0
 89
 2
 67
 33
 1147
 245
 4961
 1
 740
 0
 47
 1
 28
 3
 22
 5
 12
 5469
 33
 236
 48
 139
 462
 21
 477
 136
 462
 1
 3291
 0
 85
 1
 0
 0
 5
 0
 0
 348
 7
 5503
 29
 312
 101
 5
 53
 17
 30
 32
 144
 13
 5648
 2
 4
 0
 0
 2
 1
 139
 1
 248
 7
 5543
 0
 0
 0
 0
 0
 0
 0
 0
 0
 0
 4726
 0
 44
 114
 4
 3
 796
 0
 11
 0
 10
 5702
 2
 48
 7
 0
 17
 0
 3
 0
 119
 52
 4265
 74
 321
 0
 672
 0
 32
 0
 487
 192
 60
 5362
 203
 5
 257
 0
 81
 2
 60
 30
 1083
 237
 4976
 1
 671
 0
 40
 1
 23
 3
 15
 4
 8
 5492
 21
 206
 40
 130
 472
 15
 472
 141
 450
 0
 3417
 0
 72
 1
 1
 0
 3
 0
 0
 335
 7
 5548
 31
 305
 98
 6
 56
 18
 30
 29
 141
 13
 5683
 3
 4
 0
 0
 2
 1
 135
 1
 233
 7
 5558
 0
 0
 0
 0
 0
 0
 0
 0
 0
 0
 4753
 2
 41
 114
 4
 4
 790
 0
 12
 0
 9
 5714
 2
 53
 7
 0
 17
 0
 3
 0
 127
 45
 4317
 71
 330
 0
 654
 0
 32
 0
 459
 186
 56
 5370
 203
 4
 246
 0
 70
 2
 51
 29
 1039
 229
 4989
 0
 640
 0
 36
 1
 19
 3
 14
 4
 5
 5516
 18
 186
 32
 119
 485
 15
 474
 141
 432
 0
 3496
 0
 66
 2
 2
 0
 3
 0
 0
 320
 3
 5578
 31
 304
 92
 6
 54
 16
 29
 28
 135
 15
 5713
 3
 3
 0
 0
 2
 1
 128
 1
 221
 5
 5569
 0
 0
 0
 0
 0
 0
 0
 0
 0
 0
 4786
 3
 42
 116
 4
 4
 790
 0
 12
 0
 9
 5721
 3
 42
 6
 0
 19
 0
 2
 0
 125
 44
 4394
 69
 325
 0
 631
 0
 31
 0
 434
 182
 50
 5384
 195
 4
 230
 0
 61
 2
 50
 31
 995
 226
 5027
 1
 632
 0
 34
 1
 18
 2
 11
 3
 4
 5543
 11
 183
 25
 112
 487
 11
 448
 142
 414
 0
 3552
 0
 62
 2
 2
 0
 2
 0
 0
 297
 3
 5583
 30
 303
 87
 6
 55
 17
 24
 29
 131
 16
 5740
 3
 2
 0
 0
 1
 1
 122
 1
 218
 3
 5577
 0
 0
 0
 0
 0
 0
 0
 0
 0
 0
 4819
 6
 43
 118
 4
 4
 790
 0
 13
 0
 9
 5738
 3
 38
 8
 0
 18
 0
 2
 0
 125
 38
 4452
 68
 326
 0
 622
 0
 29
 0
 419
 169
 49
 5392
 189
 5
 224
 0
 54
 2
 46
 32
 959
 230
 5057
 1
 627
 0
 34
 1
 14
 2
 10
 3
 3
 5576
 8
 175
 23
 108
 478
 9
 428
 136
 387
 0
 3578
 0
 61
 2
 2
 0
 1
 0
 0
 276
 2
 5597
 29
 305
 86
 6
 55
 15
 25
 28
 130
 16
 5752
 2
 2
 0
 0
 0
 1
 110
 1
 212
 3
 5580
 0
 0
 0
 0
 0
 0
 0
 0
 0
 0
 4862
 7
 44
 123
 4
 4
 792
 0
 14
 0
 10
 5749
 3
 34
 7
 0
 17
 0
 2
 0
 127
 39
 4509
 68
 323
 0
 613
 0
 29
 1
 392
 157
 50
 5394
 189
 5
 219
 0
 48
 2
 47
 32
 925
 229
 5087
 1
 634
 0
 34
 0
 10
 2
 9
 1
 2
 5604
 8
 168
 22
 103
 465
 8
 405
 136
 362
 0
 3593
 0
 57
 2
 2
 0
 1
 0
 0
 262
 1
 5608
 28
 290
 84
 6
 54
 15
 25
 25
 122
 16
 5763
 2
 1
 0
 0
 0
 1
 99
 1
 208
 3
 5600
 0
 0
 0
 0
 0
 0
 0
 0
 0
 0
 4885
 9
 49
 126
 4
 4
 800
 0
 14
 0
 8
 5754
 3
 29
 6
 0
 15
 0
 2
 0
 133
 39
 4556
 65
 330
 0
 611
 0
 28
 1
 375
 152
 51
 5407
 181
 5
 210
 0
 46
 4
 46
 32
 900
 226
 5108
 1
 630
 0
 36
 0
 9
 1
 8
 1
 2
 5619
 4
 163
 20
 94
 456
 8
 382
 131
 345
 0
 3606
 0
 54
 2
 2
 0
 1
 1
 0
 250
 1
 5618
 28
 285
 85
 5
 50
 14
 23
 23
 122
 15
 5769
 2
 1
 0
 0
 0
 1
 98
 1
 204
 3
 5612
 0
 0
 0
 0
 0
 0
 0
 0
 0
 0
 4909
 9
 49
 125
 4
 4
 799
 0
 15
 0
 8
 5752
 3
 24
 6
 0
 13
 0
 2
 0
 135
 42
 4589
 62
 332
 0
 601
 0
 28
 1
 360
 152
 53
 5415
 178
 4
 208
 0
 42
 3
 47
 32
 885
 226
 5124
 1
 617
 0
 36
 0
 8
 1
 7
 1
 2
 5634
 4
 161
 20
 89
 448
 7
 364
 132
 330
 0
 3636
 0
 49
 2
 2
 0
 0
 1
 0
 239
 1
 5622
 27
 287
 83
 5
 50
 14
 23
 23
 120
 15
 5776
 2
 0
 0
 0
 0
 1
 95
 1
 202
 5
 5616
 0
 0
 0
 0
 0
 0
 0
 0
 0
 0
 4923
 10
 50
 125
 4
 5
 794
 0
 12
 0
 8
 5756
 3
 25
 6
 0
 13
 0
 2
 0
 136
 40
 4624
 63
 335
 0
 603
 0
 27
 1
 352
 150
 53
 5420
 176
 4
 205
 0
 40
 3
 48
 31
 863
 226
 5132
 0
 603
 0
 41
 0
 8
 1
 6
 1
 3
 5643
 3
 153
 19
 83
 442
 6
 355
 123
 319
 0
 3658
 0
 47
 2
 2
 1
 0
 1
 0
 233
 0
 5632
 27
 280
 81
 5
 46
 16
 24
 21
 120
 15
 5780
 3
 0
 0
 0
 0
 1
 94
 1
 200
 5
 5628
 0
 0
 0
 0
 0
 0
 0
 0
 0
 0
 4941
 9
 52
 123
 3
 5
 799
 0
 11
 0
 7
 5762
 3
 25
 7
 0
 13
 0
 2
 0
 138
 39
 4654
 61
 342
 0
 606
 0
 28
 1
 340
 148
 53
 5429
 177
 4
 198
 0
 38
 3
 45
 29
 846
 224
 5129
 0
 599
 0
 40
 0
 7
 1
 6
 1
 3
 5655
 3
 145
 19
 78
 435
 6
 341
 118
 315
 0
 3663
 0
 46
 2
 2
 1
 0
 2
 0
 225
 0
 5642
 25
 278
 85
 5
 45
 17
 23
 18
 118
 15
 5786
 3
 0
 0
 0
 0
 1
 93
 1
 198
 5
 5635
 0
 0
 0
 0
 0
 0
 0
 0
 0
 0
 4950
 9
 50
 121
 3
 5
 796
 0
 12
 0
 7
 5766
 3
 25
 5
 0
 13
 0
 2
 0
 139
 40
 4680
 63
 342
 0
 602
 0
 28
 1
 338
 145
 54
 5438
 180
 4
 200
 0
 36
 3
 43
 28
 834
 221
 5145
 0
 588
 0
 40
 0
 7
 1
 5
 1
 3
 5664
 3
 142
 19
 71
 432
 7
 329
 113
 299
 0
 3683
 0
 43
 1
 2
 0
 0
 2
 0
 221
 0
 5654
 24
 277
 82
 4
 45
 16
 22
 17
 114
 15
 5792
 3
 0
 0
 0
 0
 1
 89
 1
 189
 4
 5644
 0
 0
 0
 0
 0
 0
 0
 0
 0
 0
 4963
 9
 49
 117
 3
 5
 788
 0
 12
 0
 6
 5771
 3
 26
 5
 0
 14
 0
 2
 0
 142
 39
 4704
 64
 341
 0
 602
 0
 28
 1
 338
 144
 53
 5443
 179
 4
 204
 0
 34
 3
 40
 25
 823
 219
 5155
 0
 577
 0
 43
 0
 6
 1
 4
 1
 3
 5667
 1
 138
 14
 69
 422
 7
 320
 112
 292
 0
 3701
 0
 40
 0
 2
 0
 0
 2
 0
 219
 0
 5665
 24
 270
 80
 4
 44
 16
 21
 17
 112
 14
 5799
 4
 1
 0
 0
 0
 1
 88
 1
 183
 4
 5653
 0
 0
 0
 0
 0
 0
 0
 0
 0
 0
 4965
 9
 48
 115
 3
 4
 779
 0
 12
 1
 6
 5775
 3
 25
 4
 0
 14
 0
 2
 0
 142
 39
 4730
 61
 343
 0
 598
 0
 29
 1
 340
 142
 52
 5452
 180
 4
 203
 0
 34
 3
 38
 23
 801
 213
 5160
 0
 572
 0
 42
 0
 6
 1
 4
 1
 3
 5679
 1
 136
 15
 64
 418
 8
 318
 115
 285
 0
 3724
 0
 40
 0
 2
 0
 0
 2
 0
 210
 0
 5676
 23
 270
 82
 3
 44
 16
 22
 17
 108
 14
 5799
 4
 1
 0
 0
 0
 0
 86
 1
 174
 4
 5657
 0
 0
 0
 0
 0
 0
 0
 0
 0
 0
 4969
 9
 48
 110
 3
 4
 765
 0
 12
 1
 6
 5779
 3
 26
 4
 0
 13
 0
 2
 0
 140
 37
 4746
 60
 346
 0
 594
 0
 29
 0
 339
 141
 52
 5464
 183
 4
 203
 0
 34
 3
 37
 22
 788
 208
 5162
 0
 572
 0
 43
 0
 6
 1
 2
 1
 3
 5683
 1
 133
 14
 59
 419
 8
 317
 114
 277
 0
 3741
 0
 38
 0
 2
 0
 0
 2
 0
 207
 0
 5685
 23
 265
 81
 3
 44
 15
 22
 16
 110
 13
 5801
 5
 1
 0
 0
 0
 0
 86
 1
 169
 4
 5667
 0
 0
 0
 0
 0
 0
 0
 0
 0
 0
 4972
 8
 48
 110
 3
 4
 755
 0
 10
 1
 6
 5786
 3
 25
 4
 0
 14
 0
 2
 0
 140
 34
 4759
 59
 350
 0
 585
 0
 29
 0
 335
 139
 55
 5468
 186
 4
 204
 0
 34
 3
 37
 20
 775
 208
 5162
 0
 565
 0
 41
 0
 6
 1
 2
 1
 3
 5688
 1
 133
 14
 57
 421
 9
 314
 113
 271
 1
 3765
 0
 38
 0
 2
 0
 0
 2
 0
 203
 0
 5689
 23
 263
 80
 3
 44
 14
 21
 15
 110
 13
 5805
 5
 1
 0
 0
 0
 0
 85
 1
 165
 4
 5671
 0
 0
 0
 0
 0
 0
 0
 0
 0
 0
 4974
 8
 47
 108
 3
 4
 747
 0
 10
 1
 6
 5787
 3
 24
 4
 0
 14
 0
 2
 0
 139
 35
 4768
 59
 354
 1
 584
 0
 28
 0
 332
 139
 57
 5471
 185
 3
 203
 0
 35
 3
 36
 19
 768
 209
 5166
 0
 559
 0
 41
 0
 6
 1
 2
 1
 3
 5697
 1
 127
 12
 55
 424
 8
 312
 112
 265
 1
 3781
 0
 37
 0
 2
 0
 0
 2
 0
 197
 0
 5699
 23
 261
 80
 3
 43
 14
 20
 15
 110
 13
 5808
 5
 1
 0
 0
 0
 0
 82
 1
 161
 4
 5675
 0
 0
 0
 0
 0
 0
 0
 0
 0
 0
 4978
 8
 46
 105
 3
 3
 739
 0
 11
 1
 6
 5791
 3
 24
 4
 0
 14
 0
 2
 0
 136
 33
 4782
 59
 353
 1
 582
 0
 28
 0
 335
 137
 58
 5477
 183
 3
 205
 0
 35
