# Created by Octave 6.2.0, Thu May 27 12:24:08 2021 GMT <unknown@DESKTOP-PM2CTTO>
# name: confMatrix2
# type: matrix
# ndims: 3
 10 11 50
 814
 1
 49
 35
 2
 1
 267
 0
 8
 0
 5
 949
 5
 13
 9
 2
 5
 0
 1
 0
 18
 10
 616
 18
 111
 0
 273
 0
 9
 0
 119
 35
 20
 900
 71
 2
 92
 0
 15
 0
 6
 3
 268
 16
 782
 0
 285
 0
 3
 0
 14
 1
 18
 10
 10
 868
 36
 85
 18
 18
 0
 0
 1
 0
 0
 0
 0
 0
 0
 0
 0
 0
 0
 0
 0
 48
 0
 801
 4
 33
 23
 1
 23
 7
 13
 12
 42
 2
 940
 2
 1
 0
 0
 1
 2
 67
 0
 112
 2
 947
 0
 0
 0
 0
 0
 0
 0
 0
 0
 0
 842
 2
 25
 34
 2
 0
 266
 0
 3
 0
 5
 953
 6
 13
 5
 0
 3
 0
 1
 0
 21
 7
 716
 12
 92
 0
 215
 0
 10
 0
 82
 28
 13
 879
 37
 2
 62
 0
 13
 0
 11
 9
 204
 46
 840
 0
 321
 0
 3
 0
 5
 0
 2
 3
 3
 923
 3
 98
 12
 27
 9
 0
 19
 7
 14
 0
 89
 0
 2
 0
 0
 0
 0
 0
 0
 23
 1
 823
 3
 26
 25
 1
 15
 6
 7
 8
 39
 1
 952
 1
 0
 0
 0
 0
 0
 44
 1
 78
 1
 946
 0
 0
 0
 0
 0
 0
 0
 0
 0
 0
 818
 2
 18
 25
 1
 0
 193
 0
 0
 0
 3
 957
 4
 14
 4
 0
 1
 0
 1
 0
 18
 7
 757
 16
 106
 0
 137
 0
 6
 0
 68
 25
 13
 857
 36
 2
 52
 0
 11
 0
 6
 6
 133
 40
 787
 0
 141
 0
 3
 0
 6
 0
 2
 2
 0
 933
 1
 87
 9
 22
 66
 1
 61
 40
 59
 0
 448
 0
 14
 1
 0
 0
 0
 0
 0
 19
 1
 847
 4
 29
 15
 2
 12
 6
 7
 8
 25
 1
 952
 0
 0
 0
 0
 0
 0
 38
 1
 65
 0
 948
 0
 0
 0
 0
 0
 0
 0
 0
 0
 0
 811
 5
 20
 25
 0
 0
 158
 0
 1
 0
 5
 957
 5
 17
 5
 0
 2
 0
 1
 0
 15
 7
 769
 14
 111
 0
 117
 0
 10
 0
 57
 24
 10
 863
 31
 2
 45
 0
 10
 0
 5
 5
 118
 43
 774
 0
 112
 0
 4
 0
 6
 0
 2
 2
 2
 939
 1
 85
 8
 20
 86
 1
 70
 31
 71
 0
 546
 0
 9
 1
 0
 0
 0
 0
 0
 18
 0
 856
 4
 31
 15
 1
 5
 5
 6
 6
 18
 1
 953
 0
 0
 0
 1
 0
 0
 35
 1
 58
 0
 948
 0
 0
 0
 0
 0
 0
 0
 0
 0
 0
 814
 5
 19
 25
 0
 0
 155
 0
 1
 0
 7
 961
 3
 19
 2
 0
 2
 0
 1
 0
 13
 6
 778
 13
 115
 0
 99
 0
 10
 0
 51
 22
 14
 869
 31
 2
 43
 0
 10
 0
 3
 5
 108
 42
 783
 0
 97
 0
 4
 0
 5
 0
 2
 2
 1
 941
 2
 85
 7
 19
 92
 0
 71
 27
 62
 0
 584
 0
 10
 1
 0
 0
 0
 0
 0
 20
 0
 859
 4
 32
 15
 1
 5
 3
 6
 6
 18
 1
 953
 0
 0
 0
 0
 0
 0
 31
 0
 55
 0
 948
 0
 0
 0
 0
 0
 0
 0
 0
 0
 0
 822
 4
 18
 25
 0
 1
 157
 0
 0
 0
 6
 961
 3
 21
 2
 0
 2
 0
 1
 0
 10
 4
 777
 13
 112
 0
 91
 0
 9
 0
 49
 22
 14
 869
 30
 1
 39
 0
 10
 0
 4
 7
 104
 39
 792
 0
 86
 0
 4
 0
 4
 0
 2
 2
 1
 946
 2
 88
 6
 17
 90
 1
 77
 28
 57
 0
 605
 0
 8
 1
 0
 0
 0
 0
 0
 17
 0
 859
 4
 32
 15
 1
 5
 3
 6
 6
 18
 1
 958
 0
 0
 0
 0
 0
 0
 29
 0
 52
 0
 950
 0
 0
 0
 0
 0
 0
 0
 0
 0
 0
 823
 4
 20
 25
 1
 1
 158
 0
 0
 0
 6
 962
 3
 21
 2
 0
 2
 0
 1
 0
 11
 4
 787
 12
 105
 0
 85
 0
 8
 0
 46
 21
 13
 874
 28
 1
 39
 0
 6
 0
 4
 7
 95
 37
 802
 0
 83
 0
 5
 0
 4
 0
 1
 2
 1
 951
 2
 88
 6
 17
 92
 1
 76
 26
 55
 0
 611
 0
 7
 1
 0
 0
 0
 0
 0
 16
 0
 863
 4
 32
 14
 1
 5
 3
 6
 4
 20
 1
 963
 0
 0
 0
 0
 0
 0
 27
 0
 48
 0
 950
 0
 0
 0
 0
 0
 0
 0
 0
 0
 0
 829
 4
 20
 24
 1
 1
 163
 0
 0
 0
 6
 962
 2
 20
 2
 0
 2
 0
 1
 0
 10
 4
 789
 13
 106
 0
 83
 0
 7
 0
 42
 21
 13
 876
 29
 1
 35
 0
 6
 0
 5
 6
 92
 36
 798
 0
 79
 0
 5
 0
 4
 0
 1
 2
 1
 955
 2
 84
 5
 16
 91
 2
 78
 26
 56
 0
 616
 0
 6
 1
 0
 0
 0
 0
 0
 13
 0
 869
 4
 32
 13
 1
 5
 3
 7
 4
 19
 1
 966
 0
 0
 0
 0
 0
 0
 26
 1
 46
 0
 951
 0
 0
 0
 0
 0
 0
 0
 0
 0
 0
 832
 4
 19
 24
 0
 1
 162
 0
 0
 0
 6
 961
 3
 18
 2
 0
 1
 0
 1
 0
 11
 5
 792
 13
 110
 0
 78
 0
 7
 0
 39
 22
 13
 880
 30
 1
 33
 0
 6
 0
 4
 6
 92
 34
 791
 0
 80
 0
 5
 0
 4
 0
 1
 2
 1
 954
 2
 75
 5
 17
 91
 1
 75
 26
 60
 0
 626
 0
 6
 1
 0
 0
 0
 0
 0
 16
 0
 883
 4
 32
 13
 1
 5
 3
 6
 4
 17
 0
 966
 0
 0
 0
 0
 0
 0
 24
 1
 42
 0
 950
 0
 0
 0
 0
 0
 0
 0
 0
 0
 0
 832
 4
 17
 23
 0
 1
 157
 0
 0
 0
 6
 959
 3
 15
 1
 0
 1
 0
 1
 0
 11
 4
 799
 11
 106
 0
 77
 0
 7
 0
 38
 24
 13
 887
 30
 1
 31
 0
 6
 0
 4
 6
 91
 33
 796
 0
 79
 0
 5
 0
 5
 0
 1
 2
 1
 955
 2
 68
 5
 17
 92
 2
 71
 26
 59
 0
 637
 0
 5
 1
 0
 0
 0
 0
 0
 15
 0
 893
 4
 35
 12
 1
 5
 3
 7
 4
 15
 0
 967
 0
 0
 0
 0
 0
 0
 24
 1
 39
 0
 947
 0
 0
 0
 0
 0
 0
 0
 0
 0
 0
 835
 4
 17
 23
 0
 1
 155
 0
 0
 0
 6
 960
 3
 15
 1
 0
 2
 0
 1
 0
 10
 4
 798
 12
 110
 0
 78
 0
 7
 0
 37
 23
 13
 887
 29
 1
 29
 0
 6
 0
 4
 6
 90
 32
 793
 0
 80
 0
 5
 0
 5
 0
 1
 2
 1
 955
 2
 62
 6
 16
 91
 2
 73
 26
 59
 0
 637
 0
 5
 1
 0
 0
 0
 0
 0
 15
 0
 904
 4
 37
 12
 1
 5
 3
 7
 4
 16
 0
 966
 0
 0
 0
 0
 0
 0
 24
 1
 34
 0
 946
 0
 0
 0
 0
 0
 0
 0
 0
 0
 0
 833
 4
 17
 23
 0
 1
 151
 0
 1
 0
 6
 960
 3
 15
 1
 0
 2
 0
 1
 0
 11
 4
 800
 10
 108
 0
 74
 0
 7
 0
 37
 23
 13
 890
 29
 1
 27
 0
 6
 0
 4
 6
 88
 32
 795
 0
 80
 0
 5
 0
 4
 0
 1
 1
 1
 959
 2
 60
 6
 13
 93
 2
 73
 26
 59
 0
 648
 0
 5
 1
 0
 0
 0
 0
 0
 15
 0
 911
 4
 38
 12
 1
 5
 3
 7
 2
 15
 0
 965
 0
 0
 0
 0
 0
 0
 22
 1
 29
 0
 948
 0
 0
 0
 0
 0
 0
 0
 0
 0
 0
 834
 4
 16
 24
 0
 1
 151
 0
 1
 0
 6
 960
 3
 15
 1
 0
 2
 0
 1
 0
 10
 5
 802
 10
 105
 0
 75
 0
 7
 0
 36
 23
 13
 889
 28
 1
 27
 0
 6
 0
 4
 5
 84
 32
 797
 0
 76
 0
 5
 0
 4
 0
 1
 1
 1
 959
 2
 59
 6
 12
 93
 2
 78
 26
 61
 0
 651
 0
 5
 1
 0
 0
 0
 0
 0
 16
 0
 913
 4
 40
 13
 1
 3
 3
 7
 1
 15
 0
 965
 0
 0
 0
 0
 0
 0
 22
 1
 28
 0
 947
 0
 0
 0
 0
 0
 0
 0
 0
 0
 0
 831
 3
 15
 22
 0
 1
 148
 0
 1
 0
 6
 960
 3
 15
 1
 0
 2
 0
 1
 0
 12
 5
 804
 10
 103
 0
 74
 0
 7
 0
 36
 24
 13
 892
 28
 1
 28
 0
 6
 0
 4
 5
 87
 31
 794
 0
 74
 0
 5
 0
 3
 0
 1
 1
 1
 960
 2
 58
 6
 12
 95
 2
 74
 26
 67
 0
 656
 0
 5
 1
 0
 0
 0
 0
 0
 17
 0
 914
 4
 40
 13
 1
 3
 3
 6
 1
 15
 0
 965
 0
 0
 0
 0
 0
 0
 20
 1
 28
 0
 947
 0
 0
 0
 0
 0
 0
 0
 0
 0
 0
 827
 3
 15
 21
 0
 1
 145
 0
 1
 0
 7
 960
 3
 15
 1
 0
 2
 0
 1
 0
 14
 5
 802
 10
 98
 0
 73
 0
 7
 0
 36
 24
 13
 893
 28
 1
 28
 0
 6
 0
 4
 5
 88
 31
 795
 0
 73
 0
 5
 0
 2
 0
 1
 1
 1
 960
 2
 56
 6
 12
 97
 2
 75
 26
 71
 0
 664
 0
 5
 1
 0
 0
 0
 0
 0
 17
 0
 919
 4
 42
 13
 1
 3
 3
 6
 1
 12
 0
 965
 0
 0
 0
 0
 0
 0
 20
 1
 25
 0
 945
 0
 0
 0
 0
 0
 0
 0
 0
 0
 0
 829
 3
 15
 21
 0
 1
 142
 0
 2
 0
 6
 961
 3
 15
 1
 0
 3
 0
 1
 0
 14
 5
 801
 10
 100
 0
 71
 0
 7
 0
 37
 23
 13
 893
 28
 1
 27
 0
 6
 0
 4
 5
 87
 31
 792
 0
 71
 0
 5
 0
 2
 0
 1
 1
 1
 960
 2
 54
 6
 12
 95
 2
 77
 26
 72
 0
 671
 0
 6
 1
 0
 0
 0
 0
 0
 17
 0
 922
 4
 43
 13
 1
 3
 3
 6
 1
 12
 0
 963
 0
 0
 0
 0
 0
 0
 20
 1
 24
 0
 944
 0
 0
 0
 0
 0
 0
 0
 0
 0
 0
 831
 3
 15
 21
 0
 1
 142
 0
 2
 0
 6
 961
 3
 14
 1
 0
 3
 0
 1
 0
 14
 5
 801
 10
 99
 0
 72
 0
 7
 0
 36
 23
 13
 895
 29
 1
 28
 0
 5
 0
 4
 5
 87
 31
 791
 0
 69
 0
 5
 0
 2
 0
 1
 1
 1
 959
 2
 51
 6
 12
 94
 2
 77
 25
 73
 0
 672
 0
 6
 1
 0
 0
 0
 0
 0
 18
 0
 927
 4
 42
 13
 1
 3
 3
 6
 1
 11
 0
 964
 0
 0
 0
 0
 0
 0
 20
 1
 22
 0
 945
 0
 0
 0
 0
 0
 0
 0
 0
 0
 0
 833
 3
 16
 21
 0
 1
 141
 0
 2
 0
 6
 961
 3
 13
 1
 0
 3
 0
 1
 0
 14
 5
 801
 9
 95
 0
 73
 0
 7
 0
 35
 23
 13
 897
 29
 1
 28
 0
 5
 0
 4
 5
 87
 31
 794
 0
 69
 0
 5
 0
 2
 0
 1
 1
 1
 956
 2
 45
 6
 12
 93
 2
 77
 25
 74
 0
 672
 0
 6
 1
 0
 0
 0
 0
 0
 21
 0
 933
 4
 43
 13
 1
 2
 3
 6
 1
 11
 0
 964
 0
 0
 0
 0
 0
 0
 20
 1
 22
 0
 944
 0
 0
 0
 0
 0
 0
 0
 0
 0
 0
 833
 3
 16
 21
 0
 2
 142
 0
 2
 0
 6
 961
 3
 13
 1
 0
 3
 0
 1
 0
 13
 5
 800
 9
 97
 0
 73
 0
 7
 0
 36
 23
 13
 899
 29
 1
 28
 0
 5
 0
 4
 5
 88
 30
 794
 0
 69
 0
 5
 0
 2
 0
 1
 1
 1
 953
 2
 38
 6
 11
 93
 2
 77
 24
 72
 0
 670
 0
 7
 1
 0
 0
 0
 0
 0
 23
 0
 940
 4
 42
 13
 1
 2
 3
 6
 1
 12
 0
 963
 0
 0
 0
 0
 0
 0
 20
 1
 22
 0
 946
 0
 0
 0
 0
 0
 0
 0
 0
 0
 0
 835
 3
 17
 21
 0
 2
 143
 0
 2
 0
 5
 961
 3
 13
 1
 0
 3
 0
 1
 0
 13
 5
 805
 9
 97
 0
 73
 0
 7
 0
 36
 23
 14
 899
 30
 1
 28
 0
 5
 0
 4
 5
 84
 30
 793
 0
 70
 0
 5
 0
 2
 0
 1
 1
 1
 951
 2
 38
 5
 11
 92
 2
 74
 24
 72
 0
 669
 0
 7
 1
 0
 0
 0
 0
 0
 25
 0
 940
 4
 42
 13
 1
 2
 3
 6
 1
 11
 0
 964
 0
 0
 0
 0
 0
 0
 20
 1
 22
 0
 946
 0
 0
 0
 0
 0
 0
 0
 0
 0
 0
 835
 3
 17
 21
 0
 2
 144
 0
 2
 0
 5
 961
 3
 13
 1
 0
 3
 0
 1
 0
 13
 5
 806
 9
 95
 0
 73
 0
 7
 0
 36
 23
 14
 899
 29
 1
 27
 0
 5
 0
 4
 5
 83
 30
 795
 0
 69
 0
 5
 0
 2
 0
 1
 1
 1
 949
 2
 34
 5
 11
 92
 2
 74
 24
 73
 0
 670
