# Created by Octave 6.2.0, Thu May 27 12:24:08 2021 GMT <unknown@DESKTOP-PM2CTTO>
# name: confMatrix1
# type: matrix
# ndims: 3
 10 11 50
 4972
 9
 294
 211
 22
 6
 1621
 0
 32
 1
 32
 5754
 34
 92
 45
 3
 33
 0
 8
 4
 84
 32
 3735
 71
 585
 0
 1679
 0
 53
 0
 684
 181
 100
 5470
 504
 1
 499
 0
 93
 0
 26
 6
 1585
 86
 4716
 0
 1730
 0
 27
 0
 55
 12
 143
 36
 42
 5310
 200
 613
 71
 120
 0
 0
 0
 1
 1
 0
 3
 0
 0
 0
 1
 0
 1
 0
 0
 289
 0
 4726
 24
 217
 134
 3
 106
 31
 79
 64
 232
 15
 5677
 9
 12
 3
 2
 2
 6
 327
 3
 646
 15
 5649
 0
 0
 0
 0
 0
 0
 0
 0
 0
 0
 5154
 14
 136
 204
 17
 7
 1630
 0
 26
 2
 37
 5763
 15
 71
 16
 0
 31
 0
 8
 2
 148
 50
 4423
 64
 448
 0
 1238
 0
 46
 0
 465
 142
 71
 5314
 201
 2
 287
 0
 67
 2
 41
 18
 1149
 280
 5209
 0
 1964
 0
 36
 0
 18
 6
 22
 10
 9
 5666
 16
 666
 55
 140
 25
 4
 102
 32
 59
 0
 628
 0
 12
 0
 0
 0
 0
 0
 1
 139
 4
 4831
 16
 134
 107
 3
 82
 24
 38
 40
 200
 20
 5723
 4
 5
 0
 0
 1
 2
 146
 2
 483
 11
 5716
 0
 0
 0
 0
 0
 0
 0
 0
 0
 0
 5040
 9
 83
 165
 7
 6
 1182
 0
 10
 0
 24
 5790
 10
 81
 21
 0
 18
 0
 2
 1
 103
 44
 4671
 68
 492
 0
 756
 0
 30
 0
 400
 122
 60
 5304
 185
 2
 245
 0
 44
 0
 40
 19
 760
 242
 4865
 0
 828
 0
 23
 0
 16
 1
 12
 4
 4
 5706
 3
 574
 24
 115
 298
 13
 349
 112
 395
 1
 2853
 0
 72
 2
 0
 0
 0
 0
 0
 122
 3
 4994
 17
 139
 76
 2
 55
 23
 30
 35
 111
 21
 5774
 2
 3
 0
 0
 1
 1
 128
 1
 411
 4
 5741
 0
 0
 0
 0
 0
 0
 0
 0
 0
 0
 5045
 12
 86
 162
 8
 6
 986
 0
 10
 1
 34
 5826
 13
 101
 28
 1
 26
 0
 4
 1
 89
 28
 4728
 60
 499
 0
 587
 0
 33
 0
 325
 104
 64
 5304
 172
 2
 204
 0
 43
 0
 27
 12
 676
 238
 4897
 0
 608
 0
 27
 0
 14
 1
 12
 4
 4
 5741
 3
 526
 18
 114
 403
 15
 370
 114
 365
 1
 3487
 0
 69
 2
 0
 0
 0
 0
 0
 111
 2
 5100
 17
 138
 61
 2
 51
 16
 26
 29
 95
 17
 5775
 3
 2
 0
 0
 1
 1
 109
 2
 357
 4
 5741
 0
 0
 0
 0
 0
 0
 0
 0
 0
 0
 5072
 13
 90
 163
 6
 5
 932
 0
 9
 1
 32
 5834
 14
 98
 29
 2
 27
 0
 2
 1
 90
 27
 4756
 50
 479
 0
 503
 0
 31
 0
 289
 99
 62
 5316
 168
 2
 179
 0
 44
 0
 25
 11
 627
 242
 4961
 0
 541
 0
 27
 0
 14
 0
 9
 3
 5
 5770
 3
 509
 19
 105
 423
 14
 395
 111
 326
 1
 3724
 0
 63
 1
 0
 0
 0
 0
 0
 100
 2
 5152
 17
 139
 54
 2
 47
 16
 25
 24
 88
 18
 5784
 6
 1
 0
 0
 1
 1
 96
 1
 321
 4
 5747
 0
 0
 0
 0
 0
 0
 0
 0
 0
 0
 5122
 14
 88
 157
 7
 5
 923
 0
 12
 1
 30
 5847
 13
 96
 27
 2
 24
 0
 2
 1
 90
 22
 4814
 51
 478
 0
 449
 0
 31
 0
 252
 91
 60
 5333
 162
 2
 167
 0
 42
 0
 25
 10
 579
 242
 5000
 0
 498
 0
 26
 0
 13
 0
 6
 4
 5
 5790
 1
 498
 17
 100
 417
 14
 396
 101
 296
 1
 3850
 0
 58
 1
 0
 0
 0
 0
 0
 91
 1
 5190
 16
 136
 51
 2
 44
 15
 24
 21
 86
 18
 5792
 7
 0
 0
 0
 1
 1
 88
 1
 294
 4
 5754
 0
 0
 0
 0
 0
 0
 0
 0
 0
 0
 5177
 16
 89
 153
 10
 5
 925
 0
 14
 1
 28
 5859
 14
 90
 23
 2
 22
 0
 3
 1
 85
 16
 4861
 49
 479
 0
 426
 0
 26
 0
 223
 84
 60
 5356
 160
 2
 155
 0
 41
 0
 23
 9
 550
 235
 5037
 0
 457
 0
 24
 0
 13
 1
 5
 4
 4
 5811
 1
 488
 16
 94
 400
 13
 385
 96
 266
 1
 3933
 0
 53
 1
 0
 0
 0
 0
 0
 82
 0
 5224
 15
 135
 51
 2
 36
 16
 20
 19
 80
 19
 5805
 7
 0
 0
 0
 1
 1
 78
 1
 269
 3
 5761
 0
 0
 0
 0
 0
 0
 0
 0
 0
 0
 5208
 15
 87
 154
 11
 6
 912
 0
 12
 0
 24
 5861
 15
 83
 23
 1
 21
 0
 4
 1
 84
 14
 4901
 49
 477
 0
 396
 0
 28
 0
 213
 84
 58
 5376
 150
 2
 151
 0
 37
 0
 25
 9
 517
 227
 5065
 0
 432
 0
 22
 0
 11
 1
 5
 3
 4
 5828
 1
 458
 13
 89
 385
 14
 379
 92
 252
 1
 4007
 0
 50
 1
 0
 0
 0
 0
 0
 77
 0
 5286
 12
 140
 50
 2
 38
 16
 18
 19
 79
 19
 5820
 6
 0
 0
 0
 0
 0
 66
 1
 237
 2
 5763
 0
 0
 0
 0
 0
 0
 0
 0
 0
 0
 5208
 16
 89
 147
 11
 4
 867
 0
 11
 0
 22
 5861
 16
 69
 19
 1
 20
 0
 3
 1
 81
 14
 4944
 48
 478
 0
 386
 0
 27
 0
 196
 85
 57
 5411
 151
 2
 145
 0
 35
 0
 24
 8
 474
 216
 5077
 0
 401
 0
 20
 0
 10
 1
 5
 3
 3
 5840
 1
 408
 12
 80
 411
 13
 377
 90
 243
 1
 4115
 0
 52
 1
 0
 0
 0
 0
 0
 76
 0
 5360
 11
 141
 47
 2
 38
 16
 18
 18
 64
 19
 5827
 7
 1
 0
 0
 0
 0
 58
 1
 213
 2
 5770
 0
 0
 0
 0
 0
 0
 0
 0
 0
 0
 5216
 15
 85
 138
 12
 4
 830
 0
 12
 0
 22
 5861
 14
 63
 17
 1
 21
 0
 2
 1
 79
 13
 4980
 50
 471
 0
 376
 0
 27
 0
 190
 87
 58
 5438
 153
 2
 141
 0
 35
 0
 23
 7
 457
 207
 5084
 0
 391
 0
 20
 0
 10
 2
 2
 2
 2
 5845
 1
 370
 13
 75
 416
 13
 372
 88
 243
 1
 4183
 0
 48
 1
 1
 0
 0
 0
 1
 74
 0
 5423
 11
 148
 42
 2
 32
 14
 17
 18
 56
 18
 5830
 6
 1
 0
 0
 0
 0
 55
 1
 189
 2
 5769
 0
 0
 0
 0
 0
 0
 0
 0
 0
 0
 5243
 14
 85
 133
 13
 2
 823
 0
 13
 0
 21
 5865
 14
 56
 16
 0
 21
 0
 2
 1
 76
 12
 5015
 48
 468
 0
 370
 0
 25
 0
 181
 85
 60
 5450
 153
 3
 139
 0
 34
 0
 22
 7
 435
 205
 5099
 0
 380
 0
 18
 0
 7
 2
 2
 2
 2
 5855
 1
 351
 11
 73
 408
 14
 358
 89
 232
 1
 4211
 0
 53
 1
 1
 0
 0
 0
 0
 68
 0
 5452
 12
 149
 39
 1
 31
 17
 17
 17
 54
 17
 5831
 6
 2
 0
 0
 0
 0
 54
 1
 180
 1
 5770
 0
 0
 0
 0
 0
 0
 0
 0
 0
 0
 5246
 14
 85
 130
 12
 2
 788
 0
 13
 0
 19
 5865
 13
 51
 15
 0
 19
 0
 2
 1
 71
 12
 5034
 48
 460
 0
 358
 0
 24
 0
 176
 85
 60
 5462
 155
 3
 140
 0
 32
 0
 23
 7
 424
 201
 5107
 0
 363
 0
 20
 0
 6
 2
 2
 2
 2
 5861
 1
 330
 11
 71
 417
 14
 351
 89
 232
 1
 4281
 0
 51
 1
 1
 0
 0
 0
 0
 69
 0
 5488
 12
 148
 39
 1
 31
 17
 17
 17
 49
 16
 5834
 6
 2
 0
 0
 0
 0
 47
 1
 166
 1
 5773
 0
 0
 0
 0
 0
 0
 0
 0
 0
 0
 5261
 15
 85
 130
 12
 2
 779
 0
 15
 0
 18
 5865
 13
 49
 15
 0
 18
 0
 2
 1
 71
 14
 5057
 49
 459
 0
 346
 0
 24
 0
 167
 84
 58
 5469
 153
 3
 134
 0
 31
 0
 23
 7
 409
 201
 5111
 0
 355
 0
 21
 0
 6
 1
 2
 2
 2
 5866
 2
 319
 11
 67
 411
 13
 347
 85
 230
 1
 4318
 0
 49
 1
 1
 0
 0
 0
 0
 67
 0
 5503
 12
 147
 40
 1
 29
 15
 18
 17
 47
 14
 5834
 6
 2
 0
 0
 0
 0
 44
 1
 164
 1
 5778
 0
 0
 0
 0
 0
 0
 0
 0
 0
 0
 5265
 14
 82
 126
 11
 2
 753
 0
 15
 0
 18
 5866
 13
 46
 16
 0
 19
 0
 2
 1
 68
 15
 5074
 48
 447
 0
 342
 0
 23
 0
 159
 83
 58
 5481
 155
 3
 132
 0
 31
 0
 22
 8
 408
 197
 5119
 1
 347
 0
 20
 0
 6
 1
 3
 2
 2
 5873
 1
 297
 9
 65
 419
 12
 338
 86
 232
 1
 4362
 0
 48
 1
 1
 0
 0
 0
 0
 66
 0
 5536
 13
 152
 40
 1
 24
 14
 18
 16
 43
 14
 5838
 6
 2
 0
 0
 0
 0
 38
 1
 153
 1
 5775
 0
 0
 0
 0
 0
 0
 0
 0
 0
 0
 5274
 12
 80
 122
 10
 1
 745
 0
 15
 0
 17
 5867
 13
 43
 16
 0
 19
 0
 1
 1
 67
 14
 5076
 48
 437
 0
 338
 0
 23
 0
 159
 83
 60
 5499
 160
 3
 133
 0
 31
 0
 22
 8
 405
 189
 5120
 1
 329
 1
 20
 0
 6
 2
 3
 2
 2
 5876
 2
 270
 10
 65
 414
 13
 339
 85
 237
 1
 4390
 0
 48
 1
 1
 0
 0
 0
 0
 67
 0
 5576
 13
 153
 38
 1
 24
 12
 18
 16
 43
 13
 5838
 4
 2
 0
 0
 0
 0
 35
 1
 140
 1
 5776
 0
 0
 0
 0
 0
 0
 0
 0
 0
 0
 5280
 12
 79
 117
 9
 1
 735
 0
 16
 0
 18
 5868
 13
 42
 15
 0
 19
 0
 1
 1
 66
 13
 5087
 47
 429
 0
 330
 0
 22
 0
 156
 84
 59
 5509
 161
 3
 134
 0
 30
 0
 22
 8
 404
 186
 5119
 1
 316
 1
 20
 0
 6
 2
 3
 2
 2
 5877
 2
 247
 9
 64
 412
 12
 331
 86
 248
 1
 4422
 0
 47
 1
 1
 0
 0
 0
 0
 66
 0
 5607
 11
 156
 37
 1
 24
 11
 17
 16
 41
 12
 5843
 4
 2
 0
 0
 0
 0
 35
 1
 133
 1
 5774
 0
 0
 0
 0
 0
 0
 0
 0
 0
 0
 5281
 12
 79
 115
 9
 1
 735
 0
 15
 0
 17
 5868
 12
 41
 15
 0
 19
 0
 1
 1
 65
 13
 5094
 46
 430
 0
 326
 0
 22
 0
 159
 83
 60
 5517
 161
 3
 135
 0
 30
 0
 24
 9
 397
 184
 5123
 1
 304
 1
 20
 0
 6
 2
 3
 2
 2
 5882
 1
 223
 9
 59
 408
 12
 331
 84
 243
 1
 4440
 0
 47
 1
 1
 0
 0
 0
 0
 66
 0
 5637
 11
 162
 37
 1
 24
 11
 17
 16
 39
 11
 5844
 4
 2
 0
 0
 0
 0
 30
 1
 128
 1
 5773
 0
 0
 0
 0
 0
 0
 0
 0
 0
 0
 5285
 12
 79
 115
 9
 1
 737
 0
 15
 0
 17
 5869
 11
 38
 14
 0
 18
 0
 1
 1
 67
 12
 5109
 46
 424
 0
 326
 0
 23
 0
 159
 84
 60
 5527
 162
 3
 137
 1
 29
 0
 25
 8
 396
 180
 5123
 1
 299
 1
 19
 0
 7
 2
 3
 2
 2
 5881
 1
 197
 9
 58
 401
 12
 319
 81
 249
 1
 4443
 0
 45
 1
 1
 0
 0
 0
 0
 68
 0
 5663
 11
 162
 36
 1
 23
 11
 17
 16
 38
 11
 5847
 4
 2
 0
 0
 0
 0
 29
 1
 127
 1
 5774
 0
 0
 0
 0
 0
 0
 0
 0
 0
 0
 5291
 13
 82
 114
 9
 1
 740
 0
 15
 0
 16
 5869
 11
 35
 13
 0
 17
 0
 1
 1
 67
 12
 5124
 47
 421
 0
 320
 1
 23
 0
 155
 84
 61
 5531
 162
 3
 141
 2
 29
 0
 26
 8
