# Created by Octave 6.2.0, Fri May 21 17:00:05 2021 GMT <unknown@DESKTOP-PM2CTTO>
# name: confMatrix1
# type: matrix
# ndims: 3
 10 11 50
 4825
 66
 237
 426
 31
 0
 1575
 0
 28
 2
 65
 5579
 11
 126
 63
 0
 22
 0
 5
 0
 84
 109
 3588
 51
 1147
 0
 1518
 0
 72
 0
 618
 204
 63
 5128
 672
 5
 383
 0
 134
 2
 40
 24
 1563
 167
 3784
 0
 1634
 0
 20
 1
 190
 13
 323
 63
 147
 3870
 470
 282
 136
 76
 0
 0
 3
 2
 2
 0
 5
 0
 0
 0
 1
 0
 0
 0
 0
 1418
 1
 5179
 55
 353
 174
 4
 212
 37
 153
 115
 390
 13
 5538
 5
 3
 1
 0
 0
 1
 592
 2
 526
 12
 5561
 0
 0
 0
 0
 0
 0
 0
 0
 0
 0
 4911
 27
 131
 325
 13
 3
 1531
 0
 21
 0
 63
 5602
 18
 101
 56
 2
 35
 0
 5
 0
 150
 120
 4081
 71
 860
 1
 1414
 0
 109
 1
 569
 213
 48
 5149
 375
 6
 333
 0
 100
 2
 38
 26
 1347
 211
 4477
 0
 1746
 0
 27
 1
 61
 4
 119
 17
 52
 4923
 179
 328
 80
 92
 34
 5
 124
 90
 87
 0
 462
 0
 4
 0
 1
 0
 0
 0
 0
 679
 1
 5156
 34
 327
 170
 2
 132
 36
 79
 87
 297
 14
 5608
 4
 3
 1
 0
 0
 1
 299
 2
 502
 12
 5573
 0
 0
 0
 0
 0
 0
 0
 0
 0
 0
 5004
 13
 103
 289
 13
 4
 1496
 0
 20
 0
 67
 5635
 18
 96
 41
 1
 32
 0
 6
 1
 144
 122
 4226
 81
 508
 1
 1009
 0
 87
 1
 469
 198
 50
 5159
 302
 7
 286
 0
 82
 2
 29
 20
 1167
 204
 4789
 0
 1148
 0
 30
 0
 28
 2
 49
 7
 21
 5238
 68
 309
 62
 99
 96
 7
 280
 132
 264
 1
 1723
 0
 36
 0
 1
 0
 0
 0
 0
 449
 0
 5215
 24
 305
 159
 2
 107
 31
 61
 63
 237
 13
 5643
 4
 3
 1
 0
 1
 1
 236
 1
 463
 10
 5588
 0
 0
 0
 0
 0
 0
 0
 0
 0
 0
 5059
 14
 97
 272
 15
 6
 1383
 0
 16
 0
 56
 5655
 15
 91
 29
 1
 30
 0
 5
 1
 134
 114
 4311
 97
 444
 3
 882
 0
 74
 1
 413
 186
 51
 5180
 253
 5
 261
 0
 80
 3
 29
 19
 1061
 220
 4804
 0
 800
 0
 26
 0
 19
 1
 26
 5
 13
 5340
 33
 276
 47
 105
 144
 8
 352
 105
 384
 2
 2414
 0
 62
 0
 0
 0
 0
 0
 0
 377
 1
 5303
 23
 287
 143
 2
 87
 29
 57
 53
 195
 14
 5655
 3
 3
 1
 0
 1
 1
 213
 1
 407
 12
 5600
 0
 0
 0
 0
 0
 0
 0
 0
 0
 0
 5097
 15
 88
 267
 14
 6
 1326
 0
 19
 0
 50
 5674
 13
 85
 26
 1
 26
 0
 5
 1
 122
 106
 4401
 101
 444
 3
 821
 0
 64
 2
 365
 169
 51
 5199
 239
 7
 244
 0
 72
 2
 27
 21
 990
 226
 4818
 0
 723
 0
 27
 0
 15
 1
 15
 3
 8
 5381
 19
 255
 38
 101
 205
 12
 366
 94
 400
 1
 2659
 0
 77
 1
 0
 0
 0
 0
 0
 348
 1
 5355
 25
 265
 117
 2
 76
 24
 50
 50
 180
 12
 5662
 3
 2
 0
 0
 1
 1
 203
 1
 378
 11
 5625
 0
 0
 0
 0
 0
 0
 0
 0
 0
 0
 5118
 18
 88
 262
 15
 6
 1254
 0
 19
 0
 45
 5684
 13
 78
 22
 1
 24
 0
 5
 1
 115
 100
 4465
 93
 454
 2
 801
 0
 55
 2
 336
 160
 54
 5222
 234
 6
 239
 0
 65
 2
 27
 21
 929
 223
 4828
 0
 681
 0
 29
 0
 14
 1
 10
 1
 5
 5396
 18
 231
 33
 96
 236
 13
 372
 96
 395
 2
 2810
 0
 80
 1
 0
 0
 0
 0
 0
 342
 1
 5417
 25
 255
 108
 3
 69
 24
 46
 53
 171
 13
 5679
 3
 1
 0
 0
 1
 1
 192
 1
 339
 10
 5640
 0
 0
 0
 0
 0
 0
 0
 0
 0
 0
 5122
 18
 83
 252
 18
 6
 1211
 0
 21
 0
 38
 5689
 13
 73
 20
 1
 22
 0
 5
 1
 110
 98
 4519
 89
 465
 2
 781
 0
 48
 2
 326
 158
 53
 5242
 226
 6
 233
 0
 63
 1
 27
 19
 889
 223
 4825
 0
 657
 0
 28
 0
 14
 1
 8
 2
 5
 5422
 15
 213
 29
 92
 261
 14
 368
 95
 395
 2
 2922
 0
 82
 2
 0
 0
 0
 0
 0
 332
 1
 5462
 26
 250
 101
 3
 67
 23
 45
 48
 157
 12
 5689
 3
 1
 0
 0
 1
 1
 181
 1
 313
 9
 5649
 0
 0
 0
 0
 0
 0
 0
 0
 0
 0
 5137
 19
 81
 241
 18
 6
 1174
 0
 21
 0
 35
 5704
 13
 71
 17
 1
 18
 0
 5
 1
 106
 89
 4557
 82
 469
 1
 771
 0
 45
 2
 314
 152
 57
 5254
 220
 6
 227
 0
 51
 1
 27
 17
 859
 227
 4837
 0
 626
 0
 28
 0
 11
 1
 5
 2
 4
 5435
 10
 197
 27
 88
 273
 14
 366
 99
 391
 1
 3020
 0
 81
 2
 0
 1
 0
 0
 0
 329
 1
 5489
 26
 241
 96
 3
 62
 23
 43
 46
 152
 12
 5707
 3
 1
 0
 0
 1
 1
 175
 1
 302
 9
 5662
 0
 0
 0
 0
 0
 0
 0
 0
 0
 0
 5147
 18
 82
 226
 18
 7
 1146
 0
 20
 0
 29
 5716
 13
 71
 16
 1
 18
 0
 5
 1
 104
 84
 4590
 78
 466
 0
 760
 0
 40
 2
 305
 145
 58
 5275
 217
 7
 217
 0
 45
 1
 26
 16
 831
 226
 4852
 0
 604
 0
 28
 0
 11
 1
 4
 2
 4
 5448
 9
 185
 24
 84
 283
 16
 365
 99
 387
 0
 3097
 0
 83
 3
 0
 1
 0
 1
 0
 322
 1
 5518
 25
 234
 94
 3
 57
 21
 39
 46
 146
 13
 5721
 3
 1
 0
 0
 1
 1
 169
 2
 284
 9
 5672
 0
 0
 0
 0
 0
 0
 0
 0
 0
 0
 5143
 16
 76
 215
 18
 8
 1113
 0
 20
 0
 28
 5723
 13
 68
 13
 1
 15
 0
 5
 1
 102
 82
 4627
 74
 472
 0
 747
 0
 39
 2
 296
 141
 58
 5289
 212
 7
 212
 0
 45
 1
 26
 18
 804
 225
 4866
 0
 593
 0
 28
 0
 11
 1
 3
 2
 3
 5457
 8
 172
 23
 85
 301
 15
 360
 104
 376
 0
 3166
 0
 79
 3
 0
 1
 0
 1
 0
 320
 1
 5551
 23
 220
 92
 3
 59
 21
 39
 45
 143
 14
 5728
 2
 1
 0
 0
 1
 1
 162
 2
 263
 10
 5686
 0
 0
 0
 0
 0
 0
 0
 0
 0
 0
 5138
 17
 74
 208
 16
 7
 1094
 0
 22
 0
 24
 5727
 14
 66
 12
 1
 15
 0
 4
 1
 101
 73
 4650
 73
 474
 0
 740
 0
 42
 1
 295
 142
 59
 5299
 208
 7
 202
 0
 44
 1
 25
 21
 788
 226
 4876
 0
 583
 0
 29
 0
 10
 1
 3
 2
 3
 5469
 7
 166
 23
 84
 316
 15
 355
 103
 374
 0
 3215
 0
 72
 3
 0
 1
 0
 1
 0
 316
 1
 5569
 25
 221
 90
 3
 57
 21
 36
 44
 141
 14
 5730
 2
 1
 0
 0
 1
 1
 156
 2
 251
 9
 5687
 0
 0
 0
 0
 0
 0
 0
 0
 0
 0
 5136
 18
 75
 204
 17
 7
 1073
 0
 21
 0
 22
 5734
 14
 63
 11
 1
 16
 0
 3
 1
 99
 69
 4670
 70
 471
 0
 726
 0
 41
 1
 292
 140
 59
 5316
 206
 7
 199
 0
 44
 1
 22
 20
 771
 223
 4883
 0
 571
 0
 29
 0
 10
 1
 3
 1
 3
 5485
 5
 157
 22
 84
 329
 14
 352
 101
 374
 0
 3270
 0
 71
 2
 0
 1
 0
 1
 0
 308
 1
 5586
 26
 222
 89
 3
 56
 20
 34
 41
 137
 14
 5735
 2
 1
 0
 0
 1
 1
 151
 2
 243
 8
 5687
 0
 0
 0
 0
 0
 0
 0
 0
 0
 0
 5132
 19
 76
 202
 17
 7
 1047
 0
 22
 0
 22
 5743
 14
 58
 8
 0
 16
 0
 3
 1
 102
 61
 4706
 69
 471
 0
 718
 0
 40
 1
 291
 137
 57
 5328
 204
 6
 202
 0
 44
 1
 23
 21
 746
 221
 4891
 0
 562
 0
 29
 0
 9
 1
 3
 1
 3
 5497
 4
 153
 22
 83
 333
 14
 343
 99
 371
 0
 3312
 0
 70
 2
 0
 1
 0
 1
 0
 301
 1
 5601
 26
 219
 87
 3
 55
 20
 34
 40
 136
 14
 5736
 2
 1
 0
 0
 1
 1
 149
 2
 232
 8
 5691
 0
 0
 0
 0
 0
 0
 0
 0
 0
 0
 5133
 18
 77
 199
 16
 6
 1029
 0
 20
 0
 22
 5750
 12
 56
 8
 0
 16
 0
 3
 1
 103
 54
 4730
 65
 469
 0
 707
 0
 37
 1
 284
 136
 59
 5337
 199
 6
 203
 0
 42
 1
 21
 22
 728
 219
 4908
 0
 556
 0
 28
 0
 8
 1
 3
 0
 3
 5509
 3
 149
 21
 78
 344
 15
 333
 101
 360
 0
 3351
 0
 71
 2
 0
 1
 0
 1
 0
 296
 1
 5610
 25
 215
 84
 3
 58
 21
 36
 40
 132
 14
 5745
 2
 1
 0
 0
 1
 1
 143
 2
 227
 8
 5700
 0
 0
 0
 0
 0
 0
 0
 0
 0
 0
 5131
 18
 76
 196
 15
 6
 1009
 0
 19
 0
 22
 5758
 9
 55
 7
 0
 16
 0
 3
 1
 102
 46
 4742
 64
 466
 1
 699
 0
 37
 1
 286
 133
 59
 5346
 202
 6
 202
 0
 40
 1
 21
 22
 717
 218
 4915
 0
 548
 0
 28
 0
 8
 1
 3
 0
 3
 5520
 3
 149
 20
 76
 347
 18
 336
 98
 354
 0
 3389
 0
 66
 2
 0
 1
 0
 1
 0
 290
 1
 5613
 25
 211
 82
 3
 58
 21
 37
 39
 131
 14
 5754
 2
 1
 0
 0
 1
 1
 138
 2
 224
 8
 5706
 0
 0
 0
 0
 0
 0
 0
 0
 0
 0
 5127
 19
 75
 192
 14
 7
 989
 0
 19
 0
 21
 5764
 9
 53
 7
 0
 17
 0
 3
 1
 101
 39
 4756
 63
 458
 1
 692
 0
 37
 1
 289
 131
 61
 5355
 202
 6
 202
 0
 37
 1
 21
 24
 710
 214
 4928
 0
 543
 0
 27
 0
 7
 1
 4
 0
 3
 5535
 3
 147
 20
 73
 349
 18
 328
 100
 351
 0
 3421
 0
 65
 2
 1
 1
 0
 1
 0
 279
 1
 5622
 26
 216
 83
 3
 57
 21
 36
 39
 130
 14
 5758
 2
 1
 0
 0
 1
 1
 133
 2
 217
 8
 5704
 0
 0
 0
 0
 0
 0
 0
 0
 0
 0
 5133
 18
 76
 186
 13
 6
 975
 0
 19
 0
 20
 5773
 9
 52
 7
 0
 18
 0
 3
 0
 100
 34
 4771
 62
 460
 1
 674
 0
 37
 1
 287
 129
 63
 5370
 199
 6
 203
 0
 37
 1
 21
 23
 704
 212
 4944
 0
 546
 0
 27
 1
 7
 1
 4
 0
 3
 5546
 2
 144
 20
 75
 348
 18
 318
 98
 337
 0
 3453
 0
 63
 0
 1
 1
 0
 1
 0
 272
 1
 5629
 26
 217
 82
 3
 55
 18
 36
 38
 126
 14
 5761
 3
 1
 0
 0
 1
 1
 131
 2
 213
 7
 5702
 0
 0
 0
 0
 0
 0
 0
 0
 0
 0
 5134
 18
 76
 184
 12
 6
 965
 0
 19
 0
 18
 5781
 9
 51
 6
 0
 17
 0
 3
 0
 100
 28
 4780
 60
 459
 1
 660
 0
 37
 1
 287
 128
 63
 5373
 190
 6
 205
 0
 37
 1
 21
 23
 702
 212
 4970
 0
 545
 0
 26
 1
 7
 1
 4
 0
 3
 5561
 2
 142
 20
 73
 348
 17
 312
 100
 324
 0
 3481
 0
 60
 0
 1
 1
 0
 1
 0
 266
 1
 5633
 26
 216
 84
 3
 54
 18
 35
 35
 122
 14
 5765
 3
 0
 0
 0
 1
 1
 125
 2
 211
 7
 5705
 0
 0
 0
 0
 0
 0
 0
 0
 0
 0
 5135
 17
 75
 182
 12
