# Created by Octave 6.2.0, Tue May 25 01:42:35 2021 GMT <unknown@DESKTOP-PM2CTTO>
# name: confMatrix2
# type: matrix
# ndims: 3
 10 11 50
 794
 4
 23
 19
 0
 0
 157
 0
 1
 0
 2
 953
 0
 13
 4
 0
 7
 0
 1
 0
 13
 5
 768
 17
 131
 0
 133
 0
 9
 0
 68
 30
 11
 876
 46
 2
 53
 0
 11
 0
 3
 3
 110
 24
 712
 0
 85
 0
 3
 0
 10
 0
 4
 4
 1
 913
 4
 70
 14
 20
 88
 3
 75
 41
 97
 0
 539
 0
 16
 1
 0
 0
 0
 0
 0
 35
 0
 857
 4
 32
 22
 2
 9
 5
 9
 6
 21
 0
 937
 0
 0
 0
 0
 1
 0
 44
 1
 73
 4
 947
 0
 0
 0
 0
 0
 0
 0
 0
 0
 0
 806
 4
 20
 23
 1
 0
 152
 0
 0
 0
 3
 956
 1
 10
 5
 0
 3
 0
 1
 0
 11
 5
 794
 17
 124
 0
 117
 0
 7
 0
 68
 26
 15
 887
 44
 2
 49
 0
 9
 0
 4
 4
 96
 30
 737
 0
 93
 0
 5
 0
 7
 0
 2
 2
 1
 917
 1
 61
 8
 16
 86
 3
 63
 26
 81
 0
 566
 0
 12
 1
 0
 0
 0
 0
 0
 36
 0
 881
 5
 38
 15
 2
 8
 5
 7
 5
 18
 1
 952
 0
 0
 0
 1
 0
 0
 40
 1
 57
 1
 945
 0
 0
 0
 0
 0
 0
 0
 0
 0
 0
 809
 4
 21
 24
 1
 0
 151
 0
 0
 0
 4
 957
 1
 10
 4
 0
 3
 0
 1
 0
 12
 3
 787
 14
 123
 0
 108
 0
 5
 0
 63
 27
 13
 889
 43
 2
 47
 0
 5
 0
 5
 5
 100
 34
 757
 0
 88
 0
 7
 0
 5
 0
 2
 2
 0
 929
 1
 56
 7
 14
 87
 2
 68
 23
 67
 0
 584
 0
 10
 1
 0
 0
 0
 0
 0
 31
 0
 890
 4
 35
 15
 2
 7
 4
 5
 4
 17
 1
 961
 0
 0
 0
 1
 0
 0
 34
 1
 53
 0
 950
 0
 0
 0
 0
 0
 0
 0
 0
 0
 0
 813
 4
 17
 24
 0
 0
 144
 0
 0
 0
 5
 956
 1
 10
 4
 0
 2
 0
 1
 0
 12
 3
 791
 10
 119
 0
 98
 0
 5
 0
 58
 28
 14
 895
 42
 2
 47
 0
 6
 0
 5
 5
 100
 30
 763
 0
 88
 0
 8
 0
 5
 0
 2
 2
 0
 932
 0
 52
 7
 16
 88
 2
 68
 25
 66
 0
 603
 0
 10
 1
 0
 0
 0
 0
 0
 29
 0
 899
 4
 36
 14
 2
 7
 4
 6
 4
 18
 1
 959
 0
 0
 0
 0
 0
 0
 33
 0
 48
 0
 947
 0
 0
 0
 0
 0
 0
 0
 0
 0
 0
 820
 4
 16
 22
 0
 1
 145
 0
 1
 0
 5
 956
 1
 8
 4
 0
 2
 0
 1
 0
 12
 3
 789
 9
 107
 0
 91
 0
 5
 0
 53
 28
 14
 900
 43
 2
 48
 0
 6
 0
 5
 5
 99
 29
 777
 0
 85
 0
 7
 0
 4
 0
 2
 2
 0
 935
 0
 45
 7
 14
 87
 2
 73
 26
 63
 0
 611
 0
 10
 1
 0
 0
 0
 0
 0
 29
 0
 909
 4
 34
 14
 2
 6
 4
 6
 3
 18
 0
 959
 0
 0
 0
 0
 0
 0
 30
 0
 46
 0
 951
 0
 0
 0
 0
 0
 0
 0
 0
 0
 0
 825
 4
 16
 20
 0
 1
 144
 0
 1
 0
 4
 956
 1
 8
 4
 0
 3
 0
 1
 0
 11
 2
 792
 10
 103
 0
 88
 0
 5
 0
 51
 28
 15
 902
 41
 2
 47
 0
 5
 0
 5
 5
 98
 29
 781
 0
 87
 0
 7
 0
 4
 0
 2
 2
 0
 941
 0
 43
 7
 13
 86
 3
 72
 25
 65
 0
 614
 0
 10
 1
 0
 0
 0
 0
 0
 24
 0
 911
 4
 35
 14
 2
 4
 4
 6
 3
 17
 0
 960
 0
 0
 0
 0
 0
 0
 29
 0
 46
 0
 951
 0
 0
 0
 0
 0
 0
 0
 0
 0
 0
 828
 4
 16
 20
 0
 1
 147
 0
 1
 0
 5
 958
 1
 8
 4
 0
 3
 0
 1
 0
 11
 2
 792
 11
 102
 0
 85
 0
 5
 0
 48
 26
 14
 901
 40
 2
 44
 0
 5
 0
 5
 5
 97
 29
 781
 0
 84
 0
 7
 0
 4
 0
 2
 2
 0
 942
 0
 43
 6
 11
 85
 4
 75
 25
 65
 0
 622
 0
 9
 1
 0
 0
 0
 0
 0
 25
 0
 911
 4
 32
 14
 1
 3
 4
 8
 2
 15
 0
 962
 0
 0
 0
 0
 0
 0
 28
 0
 46
 0
 956
 0
 0
 0
 0
 0
 0
 0
 0
 0
 0
 838
 3
 15
 20
 1
 1
 151
 0
 1
 0
 5
 958
 1
 8
 3
 0
 3
 0
 1
 0
 11
 2
 792
 12
 99
 0
 84
 0
 6
 0
 42
 26
 15
 901
 39
 1
 42
 0
 5
 0
 5
 5
 96
 30
 785
 0
 83
 0
 7
 0
 3
 0
 1
 2
 0
 947
 0
 40
 6
 11
 82
 5
 77
 24
 66
 0
 622
 0
 9
 1
 0
 0
 0
 0
 0
 23
 0
 914
 4
 31
 14
 1
 3
 3
 7
 2
 15
 0
 961
 0
 0
 0
 0
 0
 0
 26
 0
 46
 0
 957
 0
 0
 0
 0
 0
 0
 0
 0
 0
 0
 837
 3
 15
 19
 1
 1
 156
 0
 1
 0
 5
 957
 1
 8
 1
 0
 3
 0
 1
 0
 12
 2
 792
 13
 99
 0
 86
 0
 5
 0
 42
 26
 15
 902
 37
 1
 38
 0
 5
 0
 5
 6
 96
 30
 788
 0
 82
 0
 7
 0
 3
 0
 1
 2
 0
 949
 0
 40
 6
 10
 83
 6
 77
 23
 68
 0
 621
 0
 9
 1
 0
 0
 0
 0
 0
 23
 0
 918
 4
 33
 13
 0
 3
 3
 6
 2
 14
 0
 962
 0
 0
 0
 0
 0
 0
 24
 0
 42
 0
 956
 0
 0
 0
 0
 0
 0
 0
 0
 0
 0
 841
 3
 16
 19
 1
 1
 158
 0
 0
 0
 5
 959
 2
 7
 1
 0
 3
 0
 1
 0
 11
 1
 793
 13
 100
 0
 91
 0
 5
 0
 42
 26
 15
 903
 36
 1
 35
 0
 5
 0
 5
 5
 97
 30
 790
 0
 80
 0
 7
 0
 3
 0
 1
 2
 0
 951
 0
 38
 6
 9
 80
 6
 74
 23
 66
 0
 620
 0
 8
 1
 0
 0
 0
 0
 0
 21
 0
 922
 4
 32
 13
 0
 2
 3
 6
 2
 13
 0
 964
 0
 0
 0
 0
 0
 0
 24
 0
 40
 0
 958
 0
 0
 0
 0
 0
 0
 0
 0
 0
 0
 845
 3
 17
 21
 1
 1
 160
 0
 1
 0
 3
 959
 2
 7
 1
 0
 2
 0
 1
 0
 14
 1
 795
 14
 101
 0
 91
 0
 6
 0
 42
 26
 16
 902
 35
 1
 33
 0
 5
 0
 4
 5
 97
 30
 790
 0
 80
 0
 7
 0
 3
 0
 1
 2
 0
 951
 1
 37
 6
 8
 76
 6
 71
 21
 67
 0
 621
 0
 5
 1
 0
 0
 0
 0
 0
 21
 0
 924
 4
 31
 13
 0
 1
 3
 5
 2
 12
 0
 965
 0
 0
 0
 0
 0
 0
 24
 0
 39
 0
 960
 0
 0
 0
 0
 0
 0
 0
 0
 0
 0
 848
 4
 19
 21
 1
 1
 160
 0
 2
 0
 3
 958
 2
 8
 1
 0
 3
 0
 1
 0
 14
 1
 801
 14
 101
 0
 94
 0
 6
 0
 39
 26
 16
 901
 33
 1
 35
 0
 5
 0
 3
 5
 95
 30
 790
 0
 78
 0
 7
 0
 3
 0
 1
 2
 0
 952
 1
 36
 6
 8
 76
 6
 65
 21
 69
 0
 619
 0
 4
 1
 0
 0
 0
 0
 0
 20
 0
 924
 4
 29
 14
 0
 1
 3
 5
 2
 10
 0
 965
 0
 0
 0
 0
 0
 0
 24
 0
 40
 0
 962
 0
 0
 0
 0
 0
 0
 0
 0
 0
 0
 849
 4
 19
 21
 1
 1
 161
 0
 2
 0
 3
 959
 2
 8
 1
 0
 3
 0
 1
 0
 14
 1
 807
 14
 102
 0
 94
 0
 6
 0
 39
 25
 16
 901
 33
 1
 34
 0
 5
 0
 3
 4
 92
 30
 792
 0
 79
 0
 6
 0
 3
 0
 1
 2
 0
 953
 1
 34
 6
 8
 75
 7
 62
 21
 66
 0
 619
 0
 7
 1
 0
 0
 0
 0
 0
 20
 0
 928
 4
 28
 14
 0
 1
 3
 5
 2
 9
 0
 963
 0
 0
 0
 0
 0
 0
 23
 0
 38
 0
 963
 0
 0
 0
 0
 0
 0
 0
 0
 0
 0
 851
 4
 19
 21
 1
 1
 159
 0
 2
 0
 3
 959
 2
 8
 1
 0
 3
 0
 1
 0
 14
 1
 810
 14
 102
 0
 95
 0
 7
 0
 38
 25
 16
 901
 33
 1
 33
 0
 5
 0
 3
 4
 91
 29
 791
 0
 79
 0
 6
 0
 3
 0
 1
 2
 0
 954
 1
 34
 6
 8
 74
 7
 60
 22
 68
 0
 621
 0
 7
 1
 0
 0
 0
 0
 0
 19
 0
 928
 4
 28
 14
 0
 1
 3
 4
 2
 9
 0
 962
 0
 0
 0
 0
 0
 0
 23
 0
 38
 0
 963
 0
 0
 0
 0
 0
 0
 0
 0
 0
 0
 855
 4
 19
 21
 1
 1
 159
 0
 1
 0
 3
 960
 2
 8
 2
 0
 3
 0
 1
 0
 15
 1
 809
 14
 103
 0
 95
 0
 7
 0
 38
 24
 17
 901
 33
 1
 33
 0
 4
 0
 3
 4
 91
 29
 792
 0
 78
 0
 6
 0
 2
 0
 1
 2
 0
 957
 1
 32
 6
 8
 70
 7
 61
 22
 65
 0
 622
 0
 8
 1
 0
 0
 0
 0
 0
 17
 0
 931
 4
 29
 14
 0
 0
 3
 4
 2
 9
 0
 963
 0
 0
 0
 0
 0
 0
 22
 0
 37
 0
 962
 0
 0
 0
 0
 0
 0
 0
 0
 0
 0
 866
 4
 20
 21
 1
 1
 160
 0
 1
 0
 3
 960
 2
 8
 2
 0
 3
 0
 1
 0
 13
 1
 813
 14
 106
 0
 95
 0
 7
 0
 35
 24
 17
 901
 32
 1
 32
 0
 4
 0
 2
 4
 88
 29
 790
 0
 78
 0
 6
 0
 2
 0
 1
 2
 0
 957
 1
 32
 6
 8
 68
 7
 59
 22
 65
 0
 622
 0
 8
 1
 0
 0
 0
 0
 0
 17
 0
 931
 4
 29
 11
 0
 0
 3
 4
 2
 9
 0
 963
 0
 0
 0
 0
 0
 0
 22
 0
 37
 0
 962
 0
 0
 0
 0
 0
 0
 0
 0
 0
 0
 868
 3
 20
 24
 1
 1
 160
 0
 1
 0
 3
 961
 2
 8
 2
 0
 2
 0
 1
 0
 13
 1
 814
 14
 106
 0
 96
 0
 7
 0
 33
 24
 16
 899
 32
 1
 33
 0
 4
 0
 2
 4
 87
 29
 791
 0
 79
 0
 6
 0
 2
 0
 1
 2
 0
 957
 1
 33
 6
 6
 68
 7
 60
 21
 65
 0
 620
 0
 8
 1
 0
 0
 0
 0
 0
 17
 0
 931
 4
 30
 11
 0
 0
 3
 3
 2
 9
 0
 963
 0
 0
 0
 0
 0
 0
 22
 0
 36
 0
 963
 0
 0
 0
 0
 0
 0
 0
 0
 0
 0
 868
 3
 20
 24
 1
 1
 162
 0
 1
 0
 3
 961
 3
 8
 2
 0
 2
 0
 1
 0
 13
 1
 814
 13
 107
 0
 96
 0
 6
 0
 34
 24
 14
 898
 31
 1
 32
 0
 4
 0
 2
 4
 86
 30
 791
 0
 77
 0
 5
 0
 2
 0
 1
 2
 0
 956
 1
 33
 6
 5
 67
 7
 62
 22
 64
 0
 622
 0
 8
 1
 0
 0
 0
 0
 0
 17
 0
 932
 4
 29
 11
 0
 0
 3
 4
 3
 8
 0
 965
 0
 0
 0
 0
 0
 0
 22
 0
 35
 0
 965
 0
 0
 0
 0
 0
 0
 0
 0
 0
 0
 871
 3
 20
 24
 1
 1
 160
 0
 1
 0
 3
 961
 3
 8
 2
 0
 2
 0
 1
 0
 13
 1
 814
 13
 106
 0
 95
 0
 6
 0
 33
 24
 14
 897
 31
 1
 32
 0
 5
 0
 2
 4
 85
 31
 790
 0
 77
 0
 4
 0
 2
 0
 1
 2
 0
 957
 0
 33
 6
 5
 67
 7
 63
 22
 66
 0
 626
 0
 8
 1
 0
 0
 0
 0
 0
 16
 0
 933
 4
 29
 9
 0
 0
 3
 4
 3
 8
 0
 965
 0
 0
 0
 0
 0
 0
 22
 0
 34
 0
 965
 0
 0
 0
 0
 0
 0
 0
 0
 0
 0
 870
 3
 20
 25
 1
 1
 159
 0
 1
 0
 3
 961
 3
 8
 2
 0
 2
 0
 1
 0
 13
 1
 819
 13
 105
 0
 95
 0
 6
 0
 33
 24
 14
 898
 31
 1
 32
 0
 5
 0
 3
 4
 81
 29
 792
 0
 75
 0
 4
 0
 2
 0
 1
 2
 0
 957
 0
 34
 6
 5
 68
 7
 62
 22
 65
 0
 629
 0
 8
 1
 0
 0
 0
 0
 0
 16
 0
 932
 4
 28
 8
 0
 0
 3
 4
 2
 8
 0
 965
 0
 0
 0
 0
 0
 0
 23
 0
 34
 0
 966
 0
 0
 0
 0
 0
 0
 0
 0
 0
 0
 872
 3
 22
 27
 1
 1
 160
 0
 1
 0
 3
 961
 3
 8
 2
 0
 2
 0
 1
 0
 13
 1
 816
 13
 103
 0
 91
 0
 6
 0
 33
 24
 13
 899
 31
 1
 32
 0
 5
 0
 3
 4
 82
 27
 795
 0
 75
 0
 4
 0
 2
 0
 1
 1
 0
 957
 0
 32
 5
 5
 66
 7
 63
 22
 64
 0
 633
 0
 8
 1
 0
 0
 0
 0
 0
 16
 0
 937
 3
 27
 8
 0
