# Created by Octave 6.2.0, Sat May 22 16:06:16 2021 GMT <unknown@DESKTOP-PM2CTTO>
# name: confMatrix1
# type: matrix
# ndims: 3
 10 11 50
 5187
 20
 109
 252
 21
 9
 1233
 0
 21
 2
 8
 5760
 5
 58
 17
 0
 15
 0
 4
 0
 96
 34
 4718
 52
 541
 4
 748
 0
 33
 0
 367
 151
 75
 5372
 291
 3
 259
 0
 50
 2
 27
 11
 622
 157
 4375
 0
 359
 0
 25
 0
 12
 2
 8
 3
 6
 5379
 6
 246
 26
 72
 208
 16
 405
 84
 704
 1
 3247
 0
 54
 2
 1
 0
 2
 0
 0
 345
 4
 5359
 34
 194
 87
 6
 56
 19
 44
 27
 128
 16
 5746
 2
 7
 0
 0
 3
 1
 232
 1
 379
 7
 5726
 0
 0
 0
 0
 0
 0
 0
 0
 0
 0
 5280
 16
 102
 212
 11
 8
 1240
 0
 21
 2
 11
 5793
 4
 47
 15
 0
 19
 0
 3
 0
 95
 32
 4862
 45
 514
 2
 688
 0
 37
 0
 306
 129
 74
 5429
 252
 2
 206
 0
 40
 0
 33
 12
 550
 175
 4557
 0
 339
 0
 28
 0
 7
 2
 3
 0
 4
 5479
 4
 192
 19
 54
 198
 15
 356
 72
 614
 0
 3402
 0
 50
 1
 0
 0
 3
 0
 1
 305
 7
 5443
 26
 179
 67
 1
 46
 19
 31
 23
 94
 14
 5772
 5
 3
 0
 0
 1
 1
 181
 1
 351
 4
 5759
 0
 0
 0
 0
 0
 0
 0
 0
 0
 0
 5318
 20
 99
 196
 10
 5
 1192
 0
 19
 2
 10
 5809
 3
 48
 14
 0
 14
 0
 3
 0
 87
 23
 4950
 40
 517
 0
 643
 0
 36
 1
 269
 118
 74
 5438
 219
 1
 192
 0
 35
 0
 41
 11
 507
 191
 4655
 0
 346
 0
 30
 1
 5
 1
 1
 0
 3
 5539
 3
 151
 14
 46
 209
 17
 329
 66
 555
 0
 3531
 0
 52
 1
 0
 0
 3
 0
 0
 280
 5
 5519
 25
 174
 58
 1
 34
 19
 27
 23
 73
 14
 5782
 6
 3
 0
 0
 2
 0
 152
 1
 316
 4
 5769
 0
 0
 0
 0
 0
 0
 0
 0
 0
 0
 5346
 18
 96
 185
 9
 5
 1151
 0
 18
 2
 10
 5819
 2
 47
 13
 0
 15
 0
 3
 0
 85
 23
 4984
 41
 506
 0
 618
 0
 38
 1
 245
 110
 72
 5455
 202
 1
 177
 0
 34
 0
 36
 10
 499
 187
 4740
 0
 343
 0
 28
 1
 4
 0
 1
 0
 2
 5578
 2
 119
 10
 39
 218
 19
 317
 68
 502
 0
 3626
 0
 52
 1
 0
 0
 2
 0
 0
 256
 4
 5573
 25
 172
 52
 1
 27
 16
 26
 22
 63
 14
 5788
 5
 4
 0
 0
 1
 0
 138
 1
 294
 4
 5779
 0
 0
 0
 0
 0
 0
 0
 0
 0
 0
 5366
 19
 97
 176
 14
 5
 1119
 0
 19
 2
 11
 5824
 2
 41
 10
 0
 19
 0
 4
 0
 84
 22
 5023
 39
 500
 0
 599
 0
 39
 1
 227
 106
 70
 5483
 197
 1
 172
 0
 31
 0
 34
 10
 482
 178
 4787
 0
 345
 0
 24
 1
 4
 0
 1
 0
 2
 5616
 2
 108
 11
 37
 222
 18
 296
 68
 466
 1
 3684
 0
 51
 1
 0
 0
 1
 0
 0
 240
 4
 5605
 23
 171
 48
 1
 28
 14
 24
 18
 55
 13
 5794
 4
 4
 0
 0
 1
 0
 119
 1
 274
 4
 5783
 0
 0
 0
 0
 0
 0
 0
 0
 0
 0
 5384
 20
 90
 174
 14
 5
 1078
 1
 19
 2
 10
 5832
 2
 41
 9
 0
 19
 0
 4
 0
 87
 21
 5044
 38
 484
 0
 584
 0
 38
 1
 213
 103
 72
 5490
 185
 1
 171
 0
 30
 0
 31
 9
 474
 179
 4838
 0
 335
 0
 23
 1
 3
 0
 1
 0
 2
 5644
 2
 99
 10
 39
 225
 14
 289
 67
 446
 1
 3752
 0
 51
 1
 0
 0
 0
 0
 0
 228
 4
 5641
 23
 170
 43
 1
 27
 10
 22
 17
 54
 13
 5799
 4
 4
 0
 1
 1
 0
 104
 1
 246
 3
 5782
 0
 0
 0
 0
 0
 0
 0
 0
 0
 0
 5400
 21
 91
 173
 15
 5
 1064
 1
 16
 1
 10
 5836
 3
 38
 9
 0
 18
 0
 4
 0
 86
 19
 5052
 37
 463
 0
 558
 0
 38
 1
 202
 100
 74
 5496
 179
 1
 169
 0
 28
 0
 29
 8
 468
 180
 4877
 0
 320
 0
 26
 1
 3
 0
 1
 0
 2
 5667
 1
 92
 10
 38
 225
 15
 286
 65
 434
 1
 3816
 0
 50
 1
 0
 0
 0
 0
 0
 219
 4
 5658
 22
 161
 41
 1
 24
 9
 21
 13
 49
 13
 5803
 4
 4
 0
 1
 2
 0
 94
 1
 236
 3
 5793
 0
 0
 0
 0
 0
 0
 0
 0
 0
 0
 5414
 21
 89
 176
 15
 4
 1043
 1
 18
 1
 8
 5840
 3
 39
 8
 0
 19
 0
 4
 0
 92
 16
 5074
 35
 452
 0
 542
 0
 38
 1
 194
 100
 73
 5497
 176
 1
 165
 0
 26
 0
 23
 7
 457
 180
 4904
 0
 311
 0
 21
 1
 4
 0
 1
 0
 1
 5686
 1
 83
 9
 36
 224
 15
 280
 63
 424
 2
 3869
 0
 49
 1
 0
 0
 0
 0
 1
 211
 3
 5683
 22
 161
 37
 1
 22
 8
 19
 12
 46
 12
 5810
 4
 4
 0
 1
 2
 0
 84
 1
 221
 3
 5795
 0
 0
 0
 0
 0
 0
 0
 0
 0
 0
 5433
 20
 87
 171
 14
 3
 1029
 1
 21
 1
 8
 5843
 3
 40
 8
 0
 20
 0
 3
 0
 95
 15
 5086
 37
 440
 0
 542
 0
 33
 1
 185
 99
 75
 5505
 175
 1
 160
 0
 26
 0
 21
 7
 449
 176
 4930
 0
 306
 0
 19
 0
 4
 0
 1
 0
 1
 5705
 0
 78
 9
 32
 215
 15
 277
 62
 412
 2
 3894
 0
 44
 1
 0
 0
 0
 0
 1
 201
 2
 5691
 21
 155
 35
 1
 21
 8
 19
 12
 45
 12
 5821
 4
 4
 0
 1
 1
 0
 76
 2
 218
 3
 5806
 0
 0
 0
 0
 0
 0
 0
 0
 0
 0
 5453
 19
 87
 167
 18
 3
 1006
 1
 21
 1
 5
 5843
 3
 39
 9
 0
 17
 0
 3
 0
 97
 15
 5106
 36
 434
 0
 532
 0
 33
 1
 169
 100
 74
 5511
 172
 1
 155
 0
 26
 0
 21
 7
 441
 175
 4953
 0
 293
 0
 18
 0
 3
 0
 1
 0
 1
 5720
 0
 76
 7
 30
 212
 15
 267
 63
 395
 2
 3949
 0
 44
 1
 0
 0
 0
 0
 1
 189
 3
 5700
 21
 155
 36
 1
 20
 8
 17
 12
 43
 12
 5824
 5
 4
 0
 1
 1
 0
 73
 2
 211
 3
 5807
 0
 0
 0
 0
 0
 0
 0
 0
 0
 0
 5466
 20
 87
 167
 18
 3
 990
 1
 23
 1
 6
 5847
 3
 37
 9
 0
 17
 0
 2
 0
 100
 14
 5116
 37
 426
 0
 520
 0
 31
 1
 161
 98
 74
 5515
 170
 1
 153
 0
 26
 0
 19
 6
 437
 172
 4976
 0
 291
 0
 18
 0
 3
 0
 1
 0
 1
 5732
 0
 68
 7
 29
 205
 14
 262
 63
 383
 2
 3983
 0
 42
 0
 0
 0
 0
 0
 1
 181
 2
 5715
 18
 151
 37
 1
 19
 8
 16
 11
 42
 12
 5830
 5
 3
 0
 1
 1
 0
 70
 2
 204
 3
 5813
 0
 0
 0
 0
 0
 0
 0
 0
 0
 0
 5481
 20
 85
 161
 20
 3
 974
 0
 24
 1
 6
 5849
 4
 37
 9
 0
 16
 0
 2
 0
 99
 12
 5134
 35
 423
 0
 513
 0
 26
 1
 155
 97
 72
 5526
 169
 1
 148
 0
 25
 0
 21
 6
 434
 171
 4992
 0
 286
 0
 18
 0
 3
 0
 1
 0
 1
 5742
 0
 64
 7
 27
 198
 15
 253
 61
 369
 2
 4018
 0
 39
 0
 0
 0
 0
 0
 1
 174
 2
 5727
 17
 149
 35
 1
 17
 8
 16
 11
 41
 10
 5839
 5
 2
 0
 0
 1
 0
 67
 2
 199
 3
 5817
 0
 0
 0
 0
 0
 0
 0
 0
 0
 0
 5494
 20
 84
 161
 20
 3
 955
 1
 24
 1
 5
 5851
 4
 37
 9
 0
 15
 0
 3
 0
 98
 12
 5139
 34
 420
 0
 506
 0
 27
 1
 150
 96
 71
 5529
 164
 1
 149
 0
 23
 0
 22
 6
 431
 170
 5011
 0
 282
 0
 19
 0
 3
 0
 1
 0
 1
 5744
 0
 59
 7
 25
 192
 14
 251
 60
 359
 2
 4053
 0
 37
 0
 0
 0
 1
 0
 1
 173
 0
 5738
 17
 147
 34
 1
 18
 8
 15
 10
 37
 9
 5840
 5
 2
 0
 0
 1
 0
 67
 3
 193
 3
 5821
 0
 0
 0
 0
 0
 0
 0
 0
 0
 0
 5503
 21
 82
 159
 22
 3
 939
 0
 24
 1
 5
 5853
 4
 36
 8
 0
 15
 0
 2
 0
 98
 12
 5147
 34
 408
 1
 497
 0
 24
 1
 146
 93
 73
 5537
 164
 1
 150
 0
 23
 0
 21
 6
 423
 166
 5028
 0
 276
 0
 18
 0
 3
 0
 1
 0
 1
 5753
 0
 56
 7
 23
 189
 14
 251
 59
 352
 1
 4086
 0
 36
 0
 0
 0
 1
 0
 1
 168
 0
 5747
 16
 144
 34
 1
 18
 8
 16
 10
 34
 7
 5847
 4
 1
 0
 0
 1
 0
 63
 3
 190
 3
 5827
 0
 0
 0
 0
 0
 0
 0
 0
 0
 0
 5510
 21
 81
 160
 22
 3
 929
 1
 25
 1
 4
 5852
 4
 33
 8
 0
 15
 0
 2
 0
 97
 12
 5156
 30
 403
 1
 486
 0
 24
 0
 144
 93
 70
 5544
 161
 1
 148
 1
 22
 0
 22
 6
 423
 166
 5042
 0
 267
 0
 18
 0
 3
 0
 1
 0
 1
 5764
 0
 52
 7
 22
 186
 14
 246
 58
 347
 1
 4118
 0
 30
 0
 0
 0
 0
 0
 1
 161
 0
 5754
 16
 143
 34
 2
 18
 8
 15
 8
 34
 7
 5853
 4
 0
 0
 1
 1
 0
 61
 3
 185
 3
 5830
 0
 0
 0
 0
 0
 0
 0
 0
 0
 0
 5514
 21
 79
 159
 23
 3
 910
 1
 25
 1
 4
 5853
 4
 32
 8
 0
 15
 0
 2
 0
 98
 11
 5168
 29
 390
 1
 484
 0
 25
 0
 142
 92
 70
 5548
 159
 1
 145
 1
 21
 0
 21
 7
 419
 164
 5063
 0
 262
 0
 18
 0
 3
 0
 1
 0
 1
 5767
 0
 49
 5
 22
 184
 14
 240
 58
 338
 1
 4147
 0
 29
 0
 0
 0
 0
 0
 1
 159
 0
 5760
 17
 142
 34
 2
 18
 9
 17
 8
 34
 7
 5855
 4
 0
 0
 1
 1
 0
 60
 3
 182
 3
 5831
 0
 0
 0
 0
 0
 0
 0
 0
 0
 0
 5528
 21
 79
 160
 22
 3
 897
 1
 25
 1
 4
 5855
 4
 31
 8
 0
 15
 0
 2
 0
 96
 10
 5179
 30
 377
 1
 475
 0
 25
 0
 132
 92
 69
 5550
 160
 1
 146
 1
 20
 0
 19
 7
 414
 162
 5087
 0
 252
 0
 16
 0
 3
 0
 1
 0
 1
 5773
 0
 49
 5
 22
 187
 13
 236
 58
 327
 1
 4179
 0
 27
 0
 0
 0
 1
 0
 1
 156
 0
 5764
 17
 141
 31
 2
 17
 9
 17
 8
 33
 6
 5860
 4
 0
 0
 0
 0
 0
 57
 3
 179
 3
 5832
 0
 0
 0
 0
 0
 0
 0
 0
 0
 0
 5532
 21
 77
 156
 21
 2
 886
 1
 20
 1
 3
 5857
 4
 30
 7
 0
 15
 0
 2
 0
 96
 10
 5185
 30
 372
 2
 468
 0
 25
 0
 131
 91
 70
 5557
 161
 1
 145
 1
 19
 0
 19
 7
 411
 160
 5098
 0
 251
 0
 17
 0
 3
 0
 1
 0
 1
 5778
 0
 46
 5
 22
 185
 12
 234
 58
 324
 1
 4199
 0
 26
 0
 0
 0
 1
 0
 1
 154
 0
 5768
 17
 141
 31
 2
 17
 9
 15
 7
 33
 6
 5866
 4
 0
 0
 0
 0
 0
 55
 3
 178
 3
 5832
 0
 0
 0
 0
 0
 0
 0
 0
 0
 0
 5545
 20
 75
 152
 21
 2
 880
 1
 20
 1
 2
 5860
 4
 27
 7
 0
 15
 0
 2
 0
 95
 10
 5198
 30
 360
 2
 459
 0
 23
 0
 125
 90
 68
 5565
 155
 1
 143
 1
 17
 0
 18
 6
 405
 158
 5121
 0
 244
 0
 18
 0
 3
 0
 1
 0
 1
 5784
 0
 45
 5
 22
 183
 12
 231
