# Created by Octave 6.2.0, Mon May 17 19:25:45 2021 GMT <unknown@DESKTOP-PM2CTTO>
# name: ans
# type: matrix
# rows: 1
# columns: 4
 3 4 5 2


# name: cfmx
# type: matrix
# rows: 2
# columns: 3
 0 10 0
 0 10 0


# name: clsRes
# type: matrix
# rows: 20
# columns: 1
 2
 2
 2
 2
 2
 2
 2
 2
 2
 2
 2
 2
 2
 2
 2
 2
 2
 2
 2
 2


# name: errcf
# type: matrix
# rows: 1
# columns: 3
 0.5 0.5 0


# name: hlnn
# type: matrix
# rows: 3
# columns: 4
 -0.090153161075684399 -0.18615522966949921 -0.00091356319521469114 -0.18061077856124133
 0.27136370399195064 -0.21791432609681807 -0.25038449184348788 -0.04887859609213837
 0.18214054180254199 0.26211947703580768 0.14579769950278645 -0.068897881342977807


# name: olnn
# type: matrix
# rows: 5
# columns: 2
 -0.055110860260452796 0.052194215656981041
 -0.048328291994563462 0.18517543188589589
 0.21424084827971002 -0.21215792243384921
 -0.19495199723955489 0.1684534558324372
 0.079106440259749305 0.18755538684014722


# name: tiny
# type: matrix
# rows: 20
# columns: 3
 1 1.1000000000000001 0.94999999999999996
 1 0.97999999999999998 0.60999999999999999
 1 0.62 0.58999999999999997
 1 1.1200000000000001 0.88
 1 0.48999999999999999 0.54000000000000004
 1 0.88 1.1100000000000001
 1 0.71999999999999997 0.77000000000000002
 1 0.57999999999999996 0.81000000000000005
 1 0.68999999999999995 0.93000000000000005
 1 0.79000000000000004 1.01
 2 -0.01 0.38
 2 0.25 -0.44
 2 0.17000000000000001 0.22
 2 -0.23000000000000001 0.31
 2 -0.16 0.02
 2 0.080000000000000002 -0.27000000000000002
 2 0.13 -0.17000000000000001
 2 -0.33000000000000002 0.28000000000000003
 2 -0.11 0.029999999999999999
 2 0.12 -0.089999999999999997


# name: tlab
# type: matrix
# rows: 20
# columns: 1
 1
 1
 1
 1
 1
 1
 1
 1
 1
 1
 2
 2
 2
 2
 2
 2
 2
 2
 2
 2


# name: tvec
# type: matrix
# rows: 20
# columns: 2
 1.1000000000000001 0.94999999999999996
 0.97999999999999998 0.60999999999999999
 0.62 0.58999999999999997
 1.1200000000000001 0.88
 0.48999999999999999 0.54000000000000004
 0.88 1.1100000000000001
 0.71999999999999997 0.77000000000000002
 0.57999999999999996 0.81000000000000005
 0.68999999999999995 0.93000000000000005
 0.79000000000000004 1.01
 -0.01 0.38
 0.25 -0.44
 0.17000000000000001 0.22
 -0.23000000000000001 0.31
 -0.16 0.02
 0.080000000000000002 -0.27000000000000002
 0.13 -0.17000000000000001
 -0.33000000000000002 0.28000000000000003
 -0.11 0.029999999999999999
 0.12 -0.089999999999999997


# name: x
# type: range
# base, limit, increment
-5 5 0.10000000000000001


