# Created by Octave 6.2.0, Fri May 21 16:31:59 2021 GMT <unknown@DESKTOP-PM2CTTO>
# name: TrainingReport
# type: matrix
# rows: 50
# columns: 4
 1 33.964605093002319 0.62201666666666666 0.62
 2 32.843267917633057 0.50480000000000003 0.501
 3 32.14776086807251 0.37298333333333333 0.37280000000000002
 4 32.541736125946045 0.30231666666666668 0.3044
 5 33.301820039749146 0.28025 0.28349999999999997
 6 32.437865972518921 0.26783333333333331 0.27050000000000002
 7 32.855591058731079 0.25871666666666665 0.26229999999999998
 8 31.694275856018066 0.24886666666666668 0.25359999999999999
 9 31.602999925613403 0.24048333333333333 0.2467
 10 31.523085117340088 0.23066666666666666 0.2374
 11 32.349932909011841 0.22151666666666667 0.2291
 12 32.900694131851196 0.21343333333333334 0.2213
 13 31.612002849578857 0.20653333333333335 0.2132
 14 31.300193071365356 0.19966666666666666 0.20830000000000001
 15 31.451134204864502 0.19395000000000001 0.2036
 16 31.388488054275513 0.18956666666666666 0.20069999999999999
 17 31.347908973693848 0.1852 0.19739999999999999
 18 31.270214080810547 0.18160000000000001 0.19409999999999999
 19 31.423830032348633 0.17860000000000001 0.19089999999999999
 20 31.481185913085938 0.17618333333333333 0.189
 21 31.398130893707275 0.17391666666666666 0.187
 22 31.259113073348999 0.17203333333333334 0.18579999999999999
 23 32.352741003036499 0.17028333333333334 0.1842
 24 31.858677864074707 0.16888333333333333 0.18279999999999999
 25 31.752560138702393 0.16750000000000001 0.18060000000000001
 26 31.107096195220947 0.16608333333333333 0.1792
 27 31.662001132965088 0.16461666666666666 0.17780000000000001
 28 31.262449979782104 0.16335 0.1769
 29 31.515975952148438 0.16184999999999999 0.17599999999999999
 30 31.658643007278442 0.16078333333333333 0.17510000000000001
 31 32.372091054916382 0.15961666666666666 0.17430000000000001
 32 32.87275218963623 0.15833333333333333 0.1736
 33 32.472295045852661 0.15720000000000001 0.17230000000000001
 34 33.009253025054932 0.15626666666666666 0.1711
 35 32.285022020339966 0.15546666666666667 0.1699
 36 34.743695020675659 0.15456666666666666 0.16919999999999999
 37 35.79525089263916 0.15371666666666667 0.16900000000000001
 38 36.912180185317993 0.15313333333333334 0.16789999999999999
 39 36.544820070266724 0.15236666666666668 0.1671
 40 32.923861980438232 0.15141666666666667 0.1658
 41 31.799571990966797 0.15066666666666667 0.1653
 42 31.277565002441406 0.14999999999999999 0.1648
 43 32.016758918762207 0.14936666666666668 0.1643
 44 31.760313987731934 0.14861666666666667 0.16400000000000001
 45 32.95763897895813 0.14786666666666667 0.16309999999999999
 46 33.276607990264893 0.14741666666666667 0.1628
 47 35.487935066223145 0.14676666666666666 0.16250000000000001
 48 37.501291990280151 0.14608333333333334 0.16159999999999999
 49 33.128883838653564 0.14558333333333334 0.1608
 50 31.121912002563477 0.14491666666666667 0.1605


