# Created by Octave 6.2.0, Sat May 22 16:06:16 2021 GMT <unknown@DESKTOP-PM2CTTO>
# name: TrainingReport
# type: matrix
# rows: 50
# columns: 4
 1 33.874611854553223 0.15218333333333334 0.16689999999999999
 2 34.126275062561035 0.13706666666666667 0.15529999999999999
 3 34.34246301651001 0.12816666666666668 0.14860000000000001
 4 33.533318996429443 0.12186666666666666 0.14499999999999999
 5 33.983394861221313 0.11724999999999999 0.14169999999999999
 6 33.832141876220703 0.11323333333333334 0.1399
 7 34.099822044372559 0.11003333333333333 0.13750000000000001
 8 35.044703006744385 0.10713333333333333 0.13569999999999999
 9 35.790932893753052 0.10476666666666666 0.13389999999999999
 10 34.955726861953735 0.10223333333333333 0.13289999999999999
 11 34.993347883224487 0.10011666666666667 0.13139999999999999
 12 35.621706008911133 0.097916666666666666 0.13059999999999999
 13 34.848043918609619 0.09633333333333334 0.1295
 14 33.72144889831543 0.09453333333333333 0.12820000000000001
 15 33.661607027053833 0.092950000000000005 0.1275
 16 34.531965970993042 0.091566666666666671 0.12770000000000001
 17 34.724932193756104 0.089883333333333329 0.12690000000000001
 18 34.309102058410645 0.088800000000000004 0.126
 19 34.557517051696777 0.087083333333333332 0.12529999999999999
 20 34.047279119491577 0.085716666666666663 0.1249
 21 34.430485010147095 0.084366666666666673 0.1246
 22 34.178096055984497 0.083316666666666664 0.1244
 23 34.348617076873779 0.082016666666666668 0.1242
 24 34.192540884017944 0.080683333333333329 0.12379999999999999
 25 34.342332124710083 0.079416666666666663 0.1235
 26 34.305585861206055 0.078549999999999995 0.12379999999999999
 27 34.249613046646118 0.077499999999999999 0.1235
 28 34.323808908462524 0.076366666666666666 0.1235
 29 34.112486124038696 0.075499999999999998 0.1231
 30 34.42533802986145 0.074499999999999997 0.1226
 31 34.45366096496582 0.073683333333333337 0.12230000000000001
 32 34.307770967483521 0.07276666666666666 0.12230000000000001
 33 34.457119941711426 0.072083333333333333 0.122
 34 34.113401174545288 0.071333333333333332 0.12189999999999999
 35 34.329158782958984 0.070616666666666661 0.12139999999999999
 36 34.12060284614563 0.070066666666666666 0.1211
 37 34.294570922851562 0.069500000000000006 0.12089999999999999
 38 34.21039891242981 0.068816666666666665 0.12089999999999999
 39 34.762228965759277 0.06798333333333334 0.1208
 40 38.164079904556274 0.067599999999999993 0.121
 41 36.771154880523682 0.067083333333333328 0.1206
 42 37.24469518661499 0.066500000000000004 0.1207
 43 33.935137987136841 0.065799999999999997 0.1207
 44 33.087857961654663 0.065233333333333338 0.1208
 45 33.368335008621216 0.064816666666666661 0.1205
 46 32.928538084030151 0.064316666666666661 0.1203
 47 33.678417205810547 0.063649999999999998 0.1201
 48 33.733147144317627 0.063049999999999995 0.1201
 49 34.44360089302063 0.06253333333333333 0.12
 50 34.274367094039917 0.062166666666666669 0.1202


