# Created by Octave 6.2.0, Sun May 16 19:09:46 2021 GMT <unknown@DESKTOP-PM2CTTO>
# name: TrainingReport
# type: matrix
# rows: 50
# columns: 4
 1 32.443644046783447 0.61904999999999999 0.62080000000000002
 2 31.55436110496521 0.50623333333333331 0.50170000000000003
 3 31.713531017303467 0.37901666666666667 0.38059999999999999
 4 31.616919040679932 0.30608333333333332 0.30969999999999998
 5 29.562819957733154 0.28173333333333334 0.28570000000000001
 6 33.164298057556152 0.26903333333333335 0.27179999999999999
 7 31.915912866592407 0.25943333333333335 0.26219999999999999
 8 34.097362041473389 0.25033333333333335 0.25569999999999998
 9 33.030296087265015 0.24083333333333334 0.24879999999999999
 10 31.860152006149292 0.23255000000000001 0.23999999999999999
 11 31.624363899230957 0.22358333333333333 0.23089999999999999
 12 31.857013940811157 0.21541666666666667 0.22239999999999999
 13 31.578169107437134 0.20843333333333333 0.2162
 14 31.898330926895142 0.20215 0.21129999999999999
 15 31.894076108932495 0.19586666666666666 0.20630000000000001
 16 33.31305193901062 0.19041666666666668 0.20280000000000001
 17 32.085331916809082 0.18654999999999999 0.19850000000000001
 18 30.136087894439697 0.18303333333333333 0.19589999999999999
 19 30.9859619140625 0.17954999999999999 0.19270000000000001
 20 29.591392993927002 0.17663333333333334 0.191
 21 30.470386028289795 0.17431666666666668 0.18920000000000001
 22 30.080076932907104 0.17215 0.18770000000000001
 23 30.164119958877563 0.17056666666666667 0.1857
 24 30.311377048492432 0.16881666666666667 0.18360000000000001
 25 30.021706104278564 0.16714999999999999 0.18160000000000001
 26 29.932739019393921 0.16555 0.1799
 27 30.055099010467529 0.1643 0.1789
 28 29.748872041702271 0.16301666666666667 0.17780000000000001
 29 29.374504089355469 0.16181666666666666 0.17649999999999999
 30 29.704381942749023 0.16051666666666667 0.1757
 31 29.69180703163147 0.15905 0.17480000000000001
 32 30.920544862747192 0.15806666666666666 0.17349999999999999
 33 29.711266994476318 0.15709999999999999 0.17180000000000001
 34 30.017691135406494 0.15616666666666668 0.17119999999999999
 35 30.992376089096069 0.15536666666666665 0.17069999999999999
 36 29.963067054748535 0.15454999999999999 0.16969999999999999
 37 30.425071001052856 0.15351666666666666 0.16900000000000001
 38 33.437403917312622 0.15275 0.1686
 39 31.471025943756104 0.15193333333333334 0.16800000000000001
 40 29.733669996261597 0.15118333333333334 0.16700000000000001
 41 30.417996883392334 0.15051666666666666 0.1661
 42 30.664770126342773 0.14974999999999999 0.16539999999999999
 43 30.714575052261353 0.1489 0.1651
 44 30.931795835494995 0.14818333333333333 0.1646
 45 29.715919971466064 0.1477 0.1638
 46 29.308470010757446 0.1469 0.16350000000000001
 47 29.520380020141602 0.14649999999999999 0.16239999999999999
 48 29.54401707649231 0.14585000000000001 0.1618
 49 29.536687135696411 0.14516666666666667 0.16159999999999999
 50 29.635788917541504 0.14466666666666667 0.16059999999999999


