# Created by Octave 6.2.0, Sat May 22 15:02:24 2021 GMT <unknown@DESKTOP-PM2CTTO>
# name: TrainingReport
# type: matrix
# rows: 50
# columns: 4
 1 152.20070815086365 0.17774999999999999 0.18840000000000001
 2 148.82795882225037 0.16713333333333333 0.18010000000000001
 3 147.44700193405151 0.16086666666666666 0.17319999999999999
 4 151.51915597915649 0.15451666666666666 0.16819999999999999
 5 151.25031304359436 0.14974999999999999 0.16270000000000001
 6 160.17883896827698 0.14488333333333334 0.15890000000000001
 7 160.65464186668396 0.14098333333333332 0.1565
 8 150.88726997375488 0.13718333333333332 0.15290000000000001
 9 154.16604709625244 0.13443333333333332 0.15090000000000001
 10 143.05740213394165 0.13211666666666666 0.15040000000000001
 11 144.80216598510742 0.13006666666666666 0.14879999999999999
 12 161.61236596107483 0.12839999999999999 0.1469
 13 158.14299488067627 0.12640000000000001 0.1459
 14 158.09144711494446 0.12465 0.14399999999999999
 15 158.09540820121765 0.12305000000000001 0.1434
 16 158.62391495704651 0.12171666666666667 0.14169999999999999
 17 162.07880806922913 0.12058333333333333 0.14069999999999999
 18 166.22764706611633 0.11956666666666667 0.1401
 19 166.52489280700684 0.11855 0.13950000000000001
 20 163.53304386138916 0.11768333333333333 0.1386
 21 161.90621304512024 0.1166 0.13739999999999999
 22 156.16048693656921 0.11581666666666666 0.13589999999999999
 23 147.99345397949219 0.1147 0.13519999999999999
 24 146.35876488685608 0.11393333333333333 0.1348
 25 143.32023692131042 0.11333333333333333 0.1338
 26 149.20095896720886 0.11258333333333333 0.13270000000000001
 27 153.78355097770691 0.11183333333333334 0.13159999999999999
 28 150.44954395294189 0.11101666666666667 0.1318
 29 161.39976406097412 0.11048333333333334 0.13139999999999999
 30 151.05638098716736 0.10973333333333334 0.13109999999999999
 31 153.98150897026062 0.10920000000000001 0.13120000000000001
 32 152.25048303604126 0.10836666666666667 0.13059999999999999
 33 164.08400106430054 0.10766666666666666 0.13020000000000001
 34 151.2096951007843 0.10735 0.12989999999999999
 35 145.80235719680786 0.10678333333333333 0.1293
 36 145.43205714225769 0.10625 0.12889999999999999
 37 148.28444695472717 0.10563333333333333 0.12920000000000001
 38 155.19141101837158 0.10513333333333333 0.1295
 39 151.44429206848145 0.10475 0.12889999999999999
 40 153.45476412773132 0.10426666666666666 0.1288
 41 149.93661284446716 0.10378333333333334 0.1288
 42 145.01656699180603 0.10326666666666667 0.1288
 43 145.4472930431366 0.10285 0.12839999999999999
 44 156.26778697967529 0.10243333333333333 0.1283
 45 142.93347406387329 0.10211666666666666 0.12820000000000001
 46 144.4142370223999 0.1018 0.12809999999999999
 47 146.80974388122559 0.10126666666666667 0.1278
 48 144.31073212623596 0.10066666666666667 0.12770000000000001
 49 143.16904211044312 0.10011666666666667 0.1278
 50 144.5942211151123 0.099633333333333338 0.12759999999999999


