# Created by Octave 6.2.0, Sun May 16 18:11:07 2021 GMT <unknown@DESKTOP-PM2CTTO>
# name: TrainingReport
# type: matrix
# rows: 20
# columns: 4
 1 10.638379812240601 0.77808333333333335 0.77810000000000001
 2 11.118674039840698 0.70303333333333329 0.70099999999999996
 3 11.578028917312622 0.72858333333333336 0.72789999999999999
 4 11.616348028182983 0.62568333333333337 0.62649999999999995
 5 11.052319049835205 0.55715000000000003 0.55479999999999996
 6 13.21648383140564 0.48463333333333336 0.48370000000000002
 7 12.709343194961548 0.43661666666666665 0.44209999999999999
 8 11.459758996963501 0.41470000000000001 0.42109999999999997
 9 11.074698925018311 0.39645000000000002 0.40110000000000001
 10 11.005166053771973 0.37918333333333332 0.38590000000000002
 11 11.796905040740967 0.36368333333333336 0.3705
 12 12.126174926757812 0.32431666666666664 0.33300000000000002
 13 11.576521158218384 0.28970000000000001 0.29549999999999998
 14 12.650350093841553 0.27338333333333331 0.28029999999999999
 15 11.453000068664551 0.26068333333333332 0.27110000000000001
 16 11.5157470703125 0.25096666666666667 0.26379999999999998
 17 12.773998975753784 0.24435000000000001 0.25509999999999999
 18 12.604140996932983 0.23931666666666668 0.2487
 19 11.911568164825439 0.23433333333333334 0.24490000000000001
 20 11.899989128112793 0.23036666666666666 0.23910000000000001


