# Created by Octave 6.2.0, Tue May 25 01:42:35 2021 GMT <unknown@DESKTOP-PM2CTTO>
# name: TrainingReport
# type: matrix
# rows: 50
# columns: 4
 1 43.381123065948486 0.15681666666666666 0.1704
 2 42.883207082748413 0.14043333333333333 0.15590000000000001
 3 43.746033906936646 0.13 0.1487
 4 41.83630108833313 0.12396666666666667 0.14419999999999999
 5 42.959705114364624 0.1183 0.13930000000000001
 6 43.135819911956787 0.11411666666666667 0.13669999999999999
 7 44.223721027374268 0.1106 0.13469999999999999
 8 40.940189123153687 0.10701666666666666 0.13250000000000001
 9 46.17778491973877 0.10433333333333333 0.1318
 10 46.517663955688477 0.10191666666666667 0.12989999999999999
 11 43.744554996490479 0.09923333333333334 0.1288
 12 42.678331851959229 0.096716666666666673 0.128
 13 42.775716066360474 0.094433333333333327 0.12659999999999999
 14 43.468986988067627 0.092700000000000005 0.126
 15 46.399941921234131 0.090166666666666673 0.12479999999999999
 16 43.037586212158203 0.088333333333333333 0.1235
 17 40.888894081115723 0.086499999999999994 0.12330000000000001
 18 42.228847026824951 0.085033333333333336 0.12280000000000001
 19 40.392608165740967 0.083316666666666664 0.1221
 20 41.836966991424561 0.081799999999999998 0.1211
 21 40.854708909988403 0.080250000000000002 0.1196
 22 39.892913103103638 0.07878333333333333 0.1193
 23 40.204671144485474 0.077683333333333326 0.1197
 24 39.90550684928894 0.076133333333333331 0.1188
 25 40.110680103302002 0.074666666666666673 0.11890000000000001
 26 40.011561155319214 0.073233333333333331 0.11899999999999999
 27 40.199692964553833 0.071849999999999997 0.11940000000000001
 28 39.98879599571228 0.070699999999999999 0.1193
 29 40.312675952911377 0.069150000000000003 0.11899999999999999
 30 55.020272970199585 0.068000000000000005 0.11940000000000001
 31 65.866501808166504 0.066833333333333328 0.1198
 32 66.37244701385498 0.065666666666666665 0.11990000000000001
 33 48.365350008010864 0.064683333333333329 0.1201
 34 40.5796959400177 0.063700000000000007 0.1202
 35 40.323204040527344 0.062716666666666671 0.12
 36 39.774179935455322 0.061316666666666665 0.1198
 37 40.243824005126953 0.06026666666666667 0.1196
 38 40.05911111831665 0.05935 0.1201
 39 40.38409686088562 0.058400000000000001 0.11990000000000001
 40 40.949803829193115 0.057233333333333331 0.1196
 41 40.475877046585083 0.056183333333333335 0.1203
 42 40.437268018722534 0.055566666666666667 0.12
 43 40.501422882080078 0.054616666666666668 0.1198
 44 40.157546997070312 0.053566666666666665 0.11940000000000001
 45 40.184478998184204 0.052866666666666666 0.1195
 46 42.365267992019653 0.052083333333333336 0.11890000000000001
 47 40.160493850708008 0.051150000000000001 0.1188
 48 39.917756080627441 0.049916666666666665 0.1186
 49 40.389441967010498 0.049216666666666666 0.1187
 50 39.960584878921509 0.048366666666666669 0.1186


