# Created by Octave 6.2.0, Sat May 22 15:32:45 2021 GMT <unknown@DESKTOP-PM2CTTO>
# name: TrainingReport
# type: matrix
# rows: 50
# columns: 4
 1 33.51151704788208 0.15240000000000001 0.16739999999999999
 2 33.321354866027832 0.13731666666666667 0.1545
 3 33.548338890075684 0.12784999999999999 0.14860000000000001
 4 34.088610887527466 0.12135 0.14269999999999999
 5 33.969890832901001 0.11643333333333333 0.14050000000000001
 6 31.933181047439575 0.11294999999999999 0.1381
 7 33.530596971511841 0.10973333333333334 0.1358
 8 33.427971839904785 0.10673333333333333 0.13250000000000001
 9 33.067040205001831 0.10413333333333333 0.1305
 10 33.35935115814209 0.10224999999999999 0.12989999999999999
 11 32.579843044281006 0.10028333333333334 0.12839999999999999
 12 32.979083061218262 0.098466666666666661 0.127
 13 34.286459922790527 0.096816666666666662 0.12620000000000001
 14 34.493085861206055 0.095033333333333331 0.12590000000000001
 15 33.99649715423584 0.093433333333333327 0.1245
 16 33.969495058059692 0.091850000000000001 0.1244
 17 33.684756994247437 0.090166666666666673 0.1239
 18 33.762605905532837 0.088966666666666666 0.1234
 19 33.961947917938232 0.087516666666666673 0.123
 20 33.612218856811523 0.086333333333333331 0.1232
 21 33.756736993789673 0.084699999999999998 0.1235
 22 33.694321155548096 0.083416666666666667 0.1231
 23 33.83391809463501 0.082633333333333336 0.1227
 24 33.919080972671509 0.08143333333333333 0.1227
 25 33.872777938842773 0.080649999999999999 0.1222
 26 33.752686023712158 0.079683333333333328 0.1221
 27 33.814544916152954 0.078916666666666663 0.1217
 28 34.984174013137817 0.07796666666666667 0.1221
 29 36.643278121948242 0.07718333333333334 0.12189999999999999
 30 35.410637140274048 0.076566666666666672 0.12180000000000001
 31 37.441702842712402 0.075749999999999998 0.1225
 32 33.916810989379883 0.074833333333333335 0.12230000000000001
 33 34.186300992965698 0.074133333333333329 0.12189999999999999
 34 33.823560953140259 0.073183333333333336 0.1222
 35 34.039501905441284 0.072400000000000006 0.12189999999999999
 36 33.939765930175781 0.071499999999999994 0.1221
 37 33.996104001998901 0.070833333333333331 0.12180000000000001
 38 33.722743988037109 0.07011666666666666 0.1221
 39 34.164111137390137 0.069400000000000003 0.12230000000000001
 40 34.110840082168579 0.068783333333333335 0.12239999999999999
 41 34.633053064346313 0.068000000000000005 0.12239999999999999
 42 34.772861003875732 0.067516666666666669 0.1227
 43 33.340753078460693 0.066949999999999996 0.12230000000000001
 44 33.821009874343872 0.066299999999999998 0.12230000000000001
 45 34.044151067733765 0.065866666666666671 0.1225
 46 33.704086065292358 0.0654 0.12239999999999999
 47 33.746718883514404 0.064683333333333329 0.12230000000000001
 48 33.386073112487793 0.064100000000000004 0.12189999999999999
 49 33.594237089157104 0.063616666666666669 0.1215
 50 33.511823177337646 0.063100000000000003 0.12180000000000001


