# Created by Octave 6.2.0, Sat May 22 12:49:29 2021 GMT <unknown@DESKTOP-PM2CTTO>
# name: TrainingReport
# type: matrix
# rows: 50
# columns: 4
 1 33.205149173736572 0.17708333333333334 0.18909999999999999
 2 34.041404008865356 0.16461666666666666 0.17760000000000001
 3 33.480575084686279 0.15590000000000001 0.16919999999999999
 4 34.117308139801025 0.15043333333333334 0.16309999999999999
 5 33.482547044754028 0.14553333333333332 0.15859999999999999
 6 33.928510904312134 0.14133333333333334 0.1547
 7 33.432744026184082 0.13744999999999999 0.1522
 8 33.843400001525879 0.13439999999999999 0.1497
 9 33.352937936782837 0.13191666666666665 0.14910000000000001
 10 33.905337810516357 0.12973333333333334 0.14779999999999999
 11 36.55977201461792 0.12801666666666667 0.14610000000000001
 12 35.751940965652466 0.12608333333333333 0.14419999999999999
 13 36.10173511505127 0.12478333333333333 0.14330000000000001
 14 35.718253135681152 0.12315 0.14219999999999999
 15 36.40537691116333 0.12171666666666667 0.1411
 16 37.732686996459961 0.12061666666666666 0.14019999999999999
 17 35.944973945617676 0.11956666666666667 0.13950000000000001
 18 35.161271810531616 0.11871666666666666 0.1389
 19 37.659250020980835 0.1176 0.13750000000000001
 20 37.600450038909912 0.11671666666666666 0.13650000000000001
 21 37.107962131500244 0.11571666666666666 0.13519999999999999
 22 36.338491916656494 0.11483333333333333 0.13500000000000001
 23 37.549978971481323 0.11395 0.1346
 24 37.666981935501099 0.11308333333333333 0.1346
 25 35.455413103103638 0.11243333333333333 0.1336
 26 37.510790109634399 0.11153333333333333 0.13250000000000001
 27 34.253129005432129 0.11065 0.13239999999999999
 28 34.543804883956909 0.10958333333333334 0.13189999999999999
 29 34.126650094985962 0.10875 0.13170000000000001
 30 34.445075988769531 0.10825 0.13120000000000001
 31 34.088917016983032 0.10763333333333333 0.13109999999999999
 32 34.632680892944336 0.10691666666666666 0.13059999999999999
 33 35.162045001983643 0.1066 0.1298
 34 35.50870418548584 0.10618333333333334 0.13
 35 35.113459825515747 0.10543333333333334 0.1293
 36 35.614725828170776 0.10475 0.1295
 37 34.24488091468811 0.10418333333333334 0.12870000000000001
 38 34.106956005096436 0.10363333333333333 0.12820000000000001
 39 33.489943027496338 0.10321666666666666 0.128
 40 33.743430137634277 0.10263333333333333 0.1278
 41 34.808432817459106 0.10206666666666667 0.12720000000000001
 42 38.7431800365448 0.10141666666666667 0.12709999999999999
 43 34.889554023742676 0.10081666666666667 0.12690000000000001
 44 34.988608837127686 0.10033333333333333 0.12659999999999999
 45 34.221418857574463 0.099849999999999994 0.12620000000000001
 46 32.719130992889404 0.099416666666666667 0.12620000000000001
 47 33.502325057983398 0.098766666666666669 0.1263
 48 33.045671939849854 0.098400000000000001 0.126
 49 34.002667903900146 0.097833333333333328 0.12520000000000001
 50 33.920057058334351 0.09743333333333333 0.12479999999999999


