# Created by Octave 6.2.0, Thu May 27 12:24:08 2021 GMT <unknown@DESKTOP-PM2CTTO>
# name: TrainingReport
# type: matrix
# rows: 50
# columns: 4
 1 78.901349067687988 0.23313333333333333 0.23830000000000001
 2 75.363200187683105 0.19288333333333332 0.20369999999999999
 3 76.696049213409424 0.15436666666666668 0.1696
 4 74.225944042205811 0.13926666666666668 0.15840000000000001
 5 74.207655906677246 0.13139999999999999 0.151
 6 74.70604395866394 0.12513333333333335 0.14610000000000001
 7 75.539005041122437 0.1196 0.1414
 8 75.136015892028809 0.11475 0.1389
 9 75.143028974533081 0.10978333333333333 0.13650000000000001
 10 74.662787914276123 0.10618333333333334 0.1328
 11 75.390959024429321 0.10348333333333333 0.13189999999999999
 12 75.26526403427124 0.10081666666666667 0.12909999999999999
 13 74.837874889373779 0.098966666666666661 0.1283
 14 82.10191011428833 0.096850000000000006 0.12770000000000001
 15 84.399368047714233 0.095133333333333334 0.127
 16 88.173753023147583 0.093566666666666673 0.12640000000000001
 17 77.091656923294067 0.092350000000000002 0.12540000000000001
 18 79.575671911239624 0.091316666666666671 0.1245
 19 80.645290851593018 0.090450000000000003 0.1241
 20 85.776685953140259 0.089683333333333337 0.1237
 21 78.899385213851929 0.089149999999999993 0.1231
 22 74.713840961456299 0.088583333333333333 0.122
 23 73.842465877532959 0.088249999999999995 0.12180000000000001
 24 82.764564990997314 0.087800000000000003 0.121
 25 84.557850122451782 0.087366666666666662 0.1212
 26 80.139426946640015 0.087116666666666662 0.12130000000000001
 27 83.646930932998657 0.08688333333333334 0.1211
 28 80.063359975814819 0.086583333333333332 0.121
 29 82.051992893218994 0.086416666666666669 0.1211
 30 81.261525869369507 0.086199999999999999 0.1215
 31 83.168057918548584 0.086249999999999993 0.1217
 32 89.612364053726196 0.086316666666666667 0.12139999999999999
 33 91.543348789215088 0.086266666666666672 0.12130000000000001
 34 85.647139072418213 0.086316666666666667 0.1212
 35 84.335743188858032 0.086199999999999999 0.12139999999999999
 36 84.98694896697998 0.08613333333333334 0.12130000000000001
 37 78.911643981933594 0.08613333333333334 0.12139999999999999
 38 74.445582151412964 0.08613333333333334 0.1212
 39 74.313433885574341 0.086116666666666661 0.1211
 40 73.684731960296631 0.086116666666666661 0.1211
 41 75.195253133773804 0.086083333333333331 0.12130000000000001
 42 73.587272167205811 0.086083333333333331 0.12130000000000001
 43 73.893280029296875 0.086083333333333331 0.12130000000000001
 44 75.478950023651123 0.086099999999999996 0.12130000000000001
 45 75.119767904281616 0.086099999999999996 0.12130000000000001
 46 73.961814880371094 0.086099999999999996 0.12130000000000001
 47 74.120885848999023 0.086099999999999996 0.12130000000000001
 48 73.826869964599609 0.086116666666666661 0.12130000000000001
 49 73.800494909286499 0.086116666666666661 0.12130000000000001
 50 73.866383075714111 0.086116666666666661 0.12130000000000001


