# Created by Octave 6.2.0, Fri May 21 17:00:05 2021 GMT <unknown@DESKTOP-PM2CTTO>
# name: TrainingReport
# type: matrix
# rows: 50
# columns: 4
 1 31.264235019683838 0.28238333333333332 0.28660000000000002
 2 31.374001026153564 0.23430000000000001 0.24149999999999999
 3 31.469277143478394 0.19633333333333333 0.20569999999999999
 4 31.479796171188354 0.17798333333333333 0.19059999999999999
 5 31.13983416557312 0.16881666666666667 0.1825
 6 32.135881900787354 0.16234999999999999 0.17530000000000001
 7 31.470575094223022 0.15765000000000001 0.17100000000000001
 8 32.106037855148315 0.15329999999999999 0.16750000000000001
 9 31.25410008430481 0.14940000000000001 0.16470000000000001
 10 31.30328106880188 0.14606666666666668 0.16159999999999999
 11 31.808223962783813 0.14399999999999999 0.15989999999999999
 12 31.77169394493103 0.14163333333333333 0.15709999999999999
 13 31.136185169219971 0.13938333333333333 0.15479999999999999
 14 31.417189836502075 0.13711666666666666 0.15279999999999999
 15 31.329319000244141 0.13543333333333332 0.151
 16 35.248002052307129 0.13383333333333333 0.14940000000000001
 17 40.182585000991821 0.13196666666666668 0.14810000000000001
 18 34.636451005935669 0.13028333333333333 0.1477
 19 32.359530925750732 0.12923333333333334 0.14729999999999999
 20 31.230912923812866 0.12783333333333333 0.1467
 21 31.907089948654175 0.12658333333333333 0.14480000000000001
 22 32.297978162765503 0.12523333333333334 0.1439
 23 31.719593048095703 0.12431666666666667 0.14319999999999999
 24 31.971061944961548 0.12313333333333333 0.14299999999999999
 25 31.78174090385437 0.12188333333333333 0.14169999999999999
 26 32.116700887680054 0.1211 0.1409
 27 31.270330905914307 0.12006666666666667 0.1396
 28 31.807283878326416 0.11885 0.13880000000000001
 29 31.162047863006592 0.11756666666666667 0.13819999999999999
 30 31.653242111206055 0.11661666666666666 0.13800000000000001
 31 31.488524913787842 0.11568333333333333 0.1376
 32 31.643935918807983 0.11491666666666667 0.1363
 33 31.259412050247192 0.11431666666666666 0.13489999999999999
 34 31.417099952697754 0.11346666666666666 0.13400000000000001
 35 31.112303972244263 0.11258333333333333 0.13289999999999999
 36 31.292830944061279 0.11198333333333334 0.1321
 37 31.250460147857666 0.11115 0.13170000000000001
 38 31.45032000541687 0.1105 0.13109999999999999
 39 31.30904483795166 0.10986666666666667 0.13039999999999999
 40 31.572679042816162 0.10933333333333334 0.12970000000000001
 41 31.298031091690063 0.10861666666666667 0.12989999999999999
 42 32.998430967330933 0.1079 0.129
 43 32.447522878646851 0.107 0.12839999999999999
 44 33.025853157043457 0.10641666666666667 0.12790000000000001
 45 33.16302490234375 0.10571666666666667 0.12709999999999999
 46 33.561771869659424 0.10536666666666666 0.12690000000000001
 47 34.259194850921631 0.10463333333333333 0.12609999999999999
 48 33.286507844924927 0.1041 0.12620000000000001
 49 32.646853923797607 0.10340000000000001 0.12640000000000001
 50 35.951005935668945 0.10298333333333333 0.12590000000000001


