# Created by Octave 6.2.0, Wed May 26 21:04:07 2021 GMT <unknown@DESKTOP-PM2CTTO>
# name: TrainingReport
# type: matrix
# rows: 50
# columns: 4
 1 61.21424388885498 0.16026666666666667 0.17519999999999999
 2 64.230950117111206 0.14233333333333334 0.15690000000000001
 3 65.52813982963562 0.13114999999999999 0.1492
 4 67.684038877487183 0.12383333333333334 0.1431
 5 69.268226861953735 0.11815000000000001 0.14099999999999999
 6 71.406444072723389 0.11356666666666666 0.13619999999999999
 7 72.058693885803223 0.11005 0.13350000000000001
 8 62.901458024978638 0.10688333333333333 0.1318
 9 48.975597143173218 0.10391666666666667 0.12959999999999999
 10 42.922838926315308 0.10103333333333334 0.1273
 11 44.16038703918457 0.098533333333333334 0.12659999999999999
 12 46.054696083068848 0.097116666666666671 0.12570000000000001
 13 44.171043157577515 0.095366666666666669 0.1237
 14 45.541575908660889 0.093966666666666671 0.1221
 15 44.201114892959595 0.093033333333333329 0.12189999999999999
 16 46.815144062042236 0.091999999999999998 0.12180000000000001
 17 45.372642040252686 0.091333333333333336 0.12189999999999999
 18 44.388718843460083 0.09056666666666667 0.122
 19 46.956315040588379 0.089849999999999999 0.12230000000000001
 20 42.754395961761475 0.089499999999999996 0.12230000000000001
 21 46.694324016571045 0.089266666666666661 0.1221
 22 44.596872091293335 0.088966666666666666 0.12189999999999999
 23 43.602267026901245 0.088800000000000004 0.12189999999999999
 24 44.211504936218262 0.088366666666666663 0.1215
 25 41.297930955886841 0.088166666666666671 0.1215
 26 42.704490900039673 0.088066666666666668 0.1211
 27 40.290532112121582 0.087816666666666668 0.12130000000000001
 28 40.163995027542114 0.087650000000000006 0.121
 29 42.550137042999268 0.087516666666666673 0.1208
 30 43.019661903381348 0.087433333333333335 0.1205
 31 44.365875005722046 0.087316666666666667 0.1206
 32 43.978944063186646 0.087300000000000003 0.121
 33 43.215438842773438 0.087233333333333329 0.1212
 34 41.459289073944092 0.087183333333333335 0.12130000000000001
 35 44.62798810005188 0.087216666666666665 0.12180000000000001
 36 45.416378974914551 0.087183333333333335 0.12180000000000001
 37 40.731323957443237 0.087066666666666667 0.12189999999999999
 38 46.036278963088989 0.087099999999999997 0.1221
 39 45.746646881103516 0.087133333333333327 0.12189999999999999
 40 46.66913104057312 0.087150000000000005 0.12180000000000001
 41 43.786532878875732 0.087133333333333327 0.12189999999999999
 42 43.494942903518677 0.087183333333333335 0.12189999999999999
 43 42.926141977310181 0.0872 0.1217
 44 41.03567910194397 0.08716666666666667 0.12180000000000001
 45 42.936001777648926 0.08716666666666667 0.1217
 46 45.277395963668823 0.087150000000000005 0.12180000000000001
 47 43.238733053207397 0.08716666666666667 0.12180000000000001
 48 44.311028003692627 0.08716666666666667 0.12180000000000001
 49 42.735299110412598 0.0872 0.12180000000000001
 50 47.515958070755005 0.087216666666666665 0.12180000000000001


