# Created by Octave 6.2.0, Sun May 16 19:09:46 2021 GMT <unknown@DESKTOP-PM2CTTO>
# name: rstate
# type: uint32 matrix
# ndims: 2
 625 1
 586129027
 1411494533
 2299679079
 4107066977
 1574836326
 2180636652
 2720505275
 3997086851
 570234790
 2934349496
 764722265
 3980008163
 28926200
 3190056094
 1590584645
 2737232321
 2677824982
 907215954
 1307469225
 1191219779
 121763007
 1753278449
 858971421
 3018282981
 3344645123
 2325756936
 2354850036
 2817293312
 3623367474
 3159040243
 3692146219
 222115557
 3849599919
 4276865901
 1178044834
 1533292984
 4146123680
 945987345
 2393646373
 264174590
 1697738145
 1580851731
 3277254476
 3098562264
 755042141
 4150086167
 3914058827
 3155220711
 1983164298
 3188650930
 1791319145
 2801826151
 1050541784
 2503869256
 560753821
 4254636035
 3188617585
 2692648079
 4130368915
 698042032
 517003131
 892715364
 1912532030
 1383603821
 214404981
 2995552531
 3818048092
 2866672633
 1681290934
 3541486996
 2502184597
 1789543836
 1392499472
 615666306
 754948057
 1063451083
 3251306463
 1942320660
 2109388807
 3179071447
 3529147543
 1197864603
 2361868770
 2333315320
 3860221101
 1689794984
 2906541861
 3385961869
 1660929228
 2335714687
 2311649125
 4213369726
 2309158609
 2865209767
 52228364
 830959543
 466519844
 3103975438
 410661084
 306929546
 3658961839
 3347524433
 307478815
 3945653196
 853888680
 2128715458
 2643071429
 2407545711
 1623709545
 3421291542
 1523642894
 1874051197
 786808602
 1518937767
 3124614426
 3789456896
 412732610
 3839177105
 3405916362
 368404800
 2611968548
 3681590710
 1157342922
 1951700194
 2039628735
 1147188841
 3004793326
 3709466850
 867208282
 118809346
 819029509
 1655123336
 185839037
 1335501723
 121262681
 2612740403
 3632738479
 1452598937
 3622614729
 1442424388
 2891152194
 3591295354
 3113675334
 1399696645
 1969912032
 627792609
 126949312
 4196986860
 3253335440
 3156142303
 3535499879
 2983344763
 3675871759
 76559258
 3063172690
 2037640701
 3982522505
 3151803158
 3723306430
 2626779713
 3488654662
 4265146104
 1972009653
 1986527369
 1071695379
 951067117
 3324201854
 3630515295
 3211553725
 2274532774
 4217352936
 1826195071
 179125304
 2202470729
 1919409849
 3641680693
 1538332065
 3444817955
 3052381662
 132118301
 369803185
 214322218
 296039033
 2237610792
 354833961
 2944782452
 3305683107
 2169870232
 1879438056
 1591512506
 3581884796
 1637713849
 3543495048
 16788440
 711005644
 2469427785
 2448329173
 567556400
 1570547256
 3439032512
 1955549809
 2635688852
 4259944230
 1408048448
 3942580316
 1234424954
 2702185124
 1162260938
 1425151460
 785718344
 1072215848
 2113703997
 2072704913
 2952489344
 4206229509
 3948396817
 1869529
 1377358565
 3676609789
 941633902
 3383030001
 3827971418
 2658332422
 1068214797
 1480790203
 3933436343
 3796465334
 4265379332
 1390859014
 1074893152
 2915998669
 2167832754
 3452883278
 2095420141
 2966090155
 2948696017
 2927109430
 2972797694
 3759260788
 3705081928
 3354247328
 671526351
 925177044
 2577976899
 1446478151
 775266783
 1662774489
 1546947376
 1738530661
 3570928303
 3525942227
 3255171258
 1034421041
 1324460447
 1950512606
 4014527
 2420271901
 2005981734
 2676154748
 828173101
 2247373709
 1745365091
 4051614876
 1670875064
 445350739
 2761905567
 3031493429
 1198284627
 3464395029
 3665845472
 1877292944
 3375517447
 237936598
 3044173382
 2740679174
 2242367638
 2804647672
 1394890736
 2229215827
 813645724
 2712222539
 2810172902
 4174852513
 1314888396
 780059578
 60108478
 33679258
 1551364994
 1589267789
 875676761
 2194719931
 1468477066
 2201057238
 3029767781
 4086301993
 3305268467
 1607335069
 2432866951
 1545368381
 15209384
 4166194178
 1056565922
 1815574648
 122492030
 4068310078
 656584531
 2841164343
 477218348
 1567690871
 2406856261
 58284822
 1583199003
 993391318
 2258859655
 2047381339
 2608207669
 1959453240
 3859268553
 2967221532
 251450634
 1067712356
 3561427831
 4161161234
 2070464545
 742980188
 325987335
 1830885473
 370431356
 1863015119
 3706787168
 2197048970
 976787021
 3720567215
 3525585893
 781142041
 4034722821
 60483497
 1600015131
 2835399932
 1592787116
 3909039944
 1778477510
 968956018
 120213730
 4264641381
 1621077667
 2316639568
 3748584795
 741804471
 3382528766
 2296601117
 407992725
 1304887168
 4117417168
 3517579680
 2312448485
 2267758017
 1217314190
 4050423391
 2384900097
 1871702908
 2251026255
 605884528
 1834352826
 540476633
 3442613978
 628175774
 2387803743
 4192540676
 2846600026
 2995926942
 3159667294
 36995567
 3955665856
 771036385
 1031834096
 3403991004
 2308698332
 1996748235
 605581915
 4238034445
 253327539
 3095017576
 3465596515
 3676645024
 616316347
 857787311
 2467959086
 768456720
 618282240
 2854074532
 2014936627
 4121426799
 1085310937
 2738786975
 3189199298
 834041832
 365953449
 808354181
 1036183776
 720243647
 880448539
 2279178939
 4034002352
 2716943974
 86461185
 3642547664
 2548408059
 3103492397
 1747898395
 818357234
 1303721386
 3261051376
 3537328511
 3777002183
 3495818711
 3835060855
 3424640381
 700467626
 2742997579
 115143020
 4083382630
 444159411
 3676086680
 4102457179
 754239856
 3585283974
 4022144071
 3806593849
 1825205062
 1710802352
 252616621
 914971652
 865529068
 59853703
 1529264166
 1339441143
 652416200
 259903809
 2357734179
 3899769493
 883154764
 1310928697
 2014021978
 2311288370
 3804397053
 3653185578
 4270124471
 927079552
 2422651394
 3964207095
 3246594050
 2559131808
 2816080787
 2637147308
 968319696
 2209498491
 2938130337
 3474400181
 2499977309
 981153483
 3760076296
 3121877127
 1157315021
 2463956192
 3730694190
 3927497962
 3934845979
 3894118186
 1636779561
 3565226965
 2211589727
 2819402811
 2100170116
 2749667862
 1142013559
 2324900521
 903859241
 2648992484
 922457443
 991593298
 3081440028
 682216078
 1814151812
 2490195194
 2936817268
 2925803884
 781263436
 3143223612
 3167988035
 2906425061
 1598529926
 521296396
 1663522981
 3155374999
 3229119600
 2108059418
 200537819
 716558622
 298606157
 3701342484
 144585219
 2272373201
 2649838598
 857472190
 1427604089
 3659016556
 3398456797
 3536002097
 1445324756
 2681766419
 3648618360
 12774498
 912727123
 1574238149
 3759840731
 3929129230
 2352228321
 2730897007
 209189798
 3382082775
 732744237
 2801006144
 2849797231
 1188841509
 1149448533
 3120188257
 417306251
 2977044014
 3659614437
 3692378865
 3827592384
 4179095076
 3635692117
 209356532
 3045995596
 2959347749
 466378166
 3573492313
 3924958464
 184984501
 4099253054
 1032027991
 3230772109
 855220539
 1133072694
 1134996929
 1877006124
 3679836127
 3021084216
 816255124
 2324094799
 449316560
 2119379811
 905472316
 3272616235
 935543590
 3796357896
 4100133711
 894910188
 3151223616
 1340388303
 3996770504
 3263299350
 1811314877
 2092538469
 3563957368
 482529517
 2874999230
 3941127782
 4264993343
 3590346963
 34936253
 781640630
 487521332
 3321217410
 3643522574
 2462696474
 3924133838
 1701093140
 2517785221
 1871903100
 213296050
 564702598
 3211769121
 3149066156
 575549078
 2818498168
 798245096
 2945272098
 2147790423
 4173742404
 3476697036
 1267471138
 805630882
 2494258861
 3748341806
 794790537
 934295562
 1281390878
 1474113887
 99938908
 1654912593
 3902493911
 97325428
 2575090470
 3808789224
 2853904686
 170608307
 4116282321
 1010663646
 2026813840
 4078845008
 2211320456
 1198280843
 1025884740
 1078379433
 21853840
 3986934018
 249163193
 400238992
 3194284371
 345466324
 3116959862
 5


