# Created by Octave 6.2.0, Fri May 21 15:20:00 2021 GMT <unknown@DESKTOP-PM2CTTO>
# name: rstate
# type: uint32 matrix
# ndims: 2
 625 1
 1057202646
 940357800
 3313615313
 375892525
 2649117043
 3016367145
 2721665489
 3063648167
 2587847869
 360500922
 397307
 1448413247
 3213295481
 261993655
 12554215
 4076215031
 3098986849
 1313208418
 2272504908
 733859394
 3418251086
 2279593087
 3553113964
 1610231186
 2441069322
 3817966964
 1810320071
 138495112
 17795024
 2669074069
 2718541448
 1666264993
 3936430430
 2072947450
 6504843
 2316030397
 3830184832
 2655373061
 3154229648
 3607700922
 3438394901
 1052257681
 3786707857
 3421829719
 1076751144
 2854215401
 713825954
 3816130983
 1777445381
 2848613306
 1253146153
 3458729249
 968565554
 3843559875
 4072449038
 1872027917
 2343460850
 925138155
 4226094607
 3606915606
 3494993733
 2990756076
 2777845581
 173183002
 1183420382
 2674568892
 584382910
 1585285999
 2627606710
 689301582
 2872342241
 3992900918
 2893547496
 120055085
 2524486953
 945604387
 1545899200
 542251596
 2351228459
 687442024
 1514371917
 1473101619
 1257819832
 3761223371
 1476895797
 2247515664
 849510127
 2991604096
 3766914138
 3911538472
 2074495832
 2247063252
 2535658161
 3631387006
 162087267
 1152221897
 3662752377
 3057640844
 1193934732
 902633533
 4092822377
 1945332127
 4135207770
 2216333189
 2295922188
 1153164039
 2169080800
 41194192
 2329775723
 4210292265
 2289274860
 2766455502
 1251150220
 2606842690
 1428653688
 432841675
 3816920657
 851933497
 1270628923
 336036402
 3743784943
 450651784
 2678748988
 4166831535
 4110591546
 1140775477
 325385090
 1242478176
 140762025
 2154964356
 1475455444
 3786266462
 3284760739
 1834806469
 3740032989
 1683705543
 1665771002
 2346247694
 2691762248
 15461127
 141379041
 1294143091
 1428596930
 4074174830
 2861454477
 3906911125
 1484476130
 1530123077
 2497196753
 2622673723
 4106574691
 2243625621
 1264460419
 3118857999
 4002343477
 3092493323
 3244631201
 1146946853
 574171528
 1141878517
 361205324
 1632155601
 970539879
 3740631384
 1389496246
 216856053
 2074272867
 4215557644
 4233928702
 3256554789
 3912914000
 1428833470
 2074780547
 1360790751
 2833084424
 3602784141
 1513830340
 1061787682
 2261920879
 982394321
 85705902
 3087559233
 3158926865
 4055668369
 1369037226
 3261713677
 451205971
 2946378761
 1147570192
 1112495440
 1372098347
 4246970227
 1467451688
 225767792
 1972606778
 3146305925
 501738074
 486502441
 329773888
 973819326
 3199821958
 4072211449
 2473990416
 1290249952
 1504839950
 757571389
 911895467
 2997951714
 2106901502
 4041220001
 518856982
 472643870
 1233104050
 947399592
 2432679098
 3597654738
 2130736593
 2402993207
 1532061224
 2032667374
 4240966099
 3654476241
 1440440634
 1934319704
 1740959681
 1226983462
 3176036422
 4039508103
 1004338552
 1155342813
 331576732
 864598816
 1093401507
 4116157142
 1251635608
 2782633132
 615599188
 1291226077
 2972249806
 1077436360
 1349132303
 1475671037
 498919780
 3952969715
 1527467606
 1915428097
 2991025607
 4120418552
 25581447
 2785089859
 921307199
 2707518043
 3087929019
 570235316
 1270331307
 1697688247
 1890987041
 569910262
 1649446068
 456644656
 2758044685
 1638393775
 3671553719
 3354949454
 3634462507
 2277109793
 2876494055
 3147577646
 3088425434
 3106199384
 375886925
 1807739780
 185305317
 1948924023
 3619463622
 1471004860
 3573043033
 793989440
 2348595778
 1573373305
 3670479974
 498883861
 4143696005
 4004735930
 1857854117
 931251180
 3143723954
 1658306828
 914685985
 1587514070
 2998218744
 3627293071
 3289880664
 2378124606
 2494264823
 1467554972
 3913223821
 208653777
 3120631904
 310862302
 2793488804
 2384340810
 3498632801
 2203842113
 1182144855
 3826509357
 3427263055
 3519306293
 3338110747
 234076954
 617027922
 2191815224
 4042111276
 2417139551
 2160045112
 3479909483
 3747849563
 3273510646
 2351074508
 1536330334
 2445236576
 724609188
 2948543679
 796377917
 1681912230
 767789371
 3264498819
 2371847154
 2087971996
 450321472
 2748977123
 2970794467
 1909842643
 2091813838
 2132842212
 3228031919
 2358752392
 1108501113
 1103245555
 176575911
 3560449158
 2439160260
 1945819651
 1283521803
 542003924
 1283810694
 3902390392
 3447809001
 2637897189
 349967495
 971461675
 2453972510
 862791369
 3579098241
 3330131006
 2751071898
 3280906285
 3480380955
 1135007610
 1329591922
 1879440897
 1892706695
 4165387661
 2847838915
 2935183206
 2840959515
 3804232282
 544174136
 4131169016
 445992619
 884080940
 2890997735
 3735082771
 239893000
 2211886486
 843716110
 3525154536
 1554127120
 2222940381
 614692237
 355220337
 2894423578
 3718989926
 747830184
 2352915322
 1987572395
 2547923676
 853873282
 2577554321
 360560460
 3025717013
 2652930695
 3310182946
 1175720698
 155636600
 3070346383
 1505090426
 2468696800
 88174118
 378824808
 1387175673
 861176964
 1041691875
 1171153917
 3210203333
 2015140088
 3782546733
 2641642120
 2154351525
 1952017590
 795713985
 1093577133
 4083395748
 1666127643
 4139561203
 672344721
 4009873672
 23151585
 437903815
 4030460547
 896350616
 2227354936
 1200596090
 989259933
 102904281
 4208583994
 1611996630
 1293682429
 652458294
 1651975862
 2642028590
 2554497722
 3084201554
 2603695145
 2293372557
 344223471
 3898355080
 772115180
 3824915774
 4009860281
 68497425
 2437277022
 612987816
 160766578
 1217968765
 3129735100
 1204082579
 4100525894
 3317757128
 2602754011
 4285425928
 4002425724
 1685016864
 1973242566
 1006085859
 2436205579
 890563169
 3738868791
 3777017631
 3299259835
 749372951
 3405059812
 1419215123
 1079884619
 1194536405
 1821955090
 1735267471
 1194349682
 3050378732
 2975804085
 390158028
 1303393240
 1164639036
 35500976
 857375632
 859719934
 1401778580
 924292587
 2580736429
 1435080530
 1990152522
 923389924
 1382837707
 1483176857
 2449205291
 1722726176
 2486547236
 1212425166
 1763454720
 684964862
 3101864331
 2446303616
 499934433
 1608423922
 1649292923
 361532055
 2475517871
 1618068147
 556700229
 3751552111
 2808854972
 2669651079
 3901401428
 2431735354
 3108025494
 3819509523
 2876176342
 1201856215
 1352758311
 3874031750
 1951891626
 1949190260
 1747808363
 1176310349
 4073559537
 1863956749
 714707057
 780684660
 1251189799
 4049004101
 3776343786
 1648020528
 3793700846
 3883125812
 2900997206
 3202192672
 3499801389
 664065190
 4073137580
 3979752543
 2085358010
 2122287727
 3682215949
 2276734557
 4024153252
 1940049472
 4285536732
 232610639
 2582770917
 649465659
 807665379
 2319914992
 63968596
 2460956218
 534868333
 2669346558
 2158426564
 1037162027
 2603118004
 2601623424
 3539249177
 4061655156
 3477860100
 1738261012
 2644050832
 2928548175
 3427522776
 3050863439
 1902816569
 2514506487
 3663463151
 1600424536
 3103183486
 2028101477
 2256001820
 1628857094
 3254883522
 23174076
 20618569
 1986004926
 2090176418
 1630081441
 4238478571
 2503452581
 2140567404
 4163794774
 799346184
 4158719070
 1111562678
 1107700952
 2471468498
 3586345787
 2232276376
 3541133619
 1680180798
 19626399
 4027037309
 3065520701
 335871370
 1119434022
 3698840598
 1218875944
 3617481026
 2236416744
 156279655
 648135495
 1151285738
 904860420
 560687460
 3965457329
 4284367475
 2146733611
 818871803
 1156021246
 2274532388
 861515074
 598300891
 1348134121
 2129212712
 1502279324
 3114904759
 3603198046
 508614775
 2051921149
 4018664428
 2217184959
 117991733
 2590147870
 1807183200
 3278713351
 1451157334
 267569209
 103941995
 1177815953
 35


