# Created by Octave 6.2.0, Thu May 27 12:24:08 2021 GMT <unknown@DESKTOP-PM2CTTO>
# name: rstate
# type: uint32 matrix
# ndims: 2
 625 1
 1637470456
 3155501407
 795786906
 203639647
 2503349746
 1043239882
 776118836
 3045254675
 2951593576
 3990855841
 2394428338
 954167652
 2724105774
 2383215534
 1353983273
 1284937372
 1263246171
 1201308881
 1522200588
 95629075
 1727068437
 727477073
 1330293590
 2322279378
 2725947755
 2465469616
 329970885
 1360360196
 2924487699
 3410634672
 2451564157
 3455684162
 3786731912
 351234634
 250503325
 2448076813
 2028796250
 2800531718
 3506149962
 3404949274
 3113122762
 1911397015
 1118218115
 2619565884
 3181367958
 2139343669
 827179273
 3462267023
 2374649315
 3016065243
 168641593
 4274191215
 1555459300
 1502293733
 3759571364
 3943985362
 3890436169
 1085215568
 3957240156
 3174323638
 3572808213
 2763197982
 2888406408
 2802063852
 2136036801
 211799285
 2980984947
 1135160217
 3370262263
 4216972675
 1530329932
 1589555465
 1352214097
 1748091217
 75561567
 242445970
 2036559288
 1057106544
 1519224000
 2954794561
 3488554404
 1397875050
 2133625438
 3341540455
 219971484
 4176575792
 1720168358
 527204128
 908683384
 863750005
 4261618551
 732601003
 2299287263
 2312278363
 164122093
 115378292
 3967221566
 1005242038
 652725156
 1382702778
 3158320023
 3883324846
 3673998341
 1873854743
 2743659250
 2348730860
 798362988
 3453167117
 3995193296
 1985358485
 213250386
 562768491
 1911216603
 3488839378
 3846029170
 4220102164
 1553291368
 1375521391
 390382383
 3734500614
 579780312
 129119307
 3047836096
 2439596237
 3365224261
 1595776312
 1775492962
 2764850353
 3763405556
 3084203380
 1754912765
 1536760824
 3782370569
 1625738760
 2296739190
 2480880547
 2229890208
 188496771
 1206490170
 702923556
 2610962100
 1877077232
 3839593560
 387041872
 2264205523
 2714948610
 1606045743
 3542381601
 868606469
 548314687
 2746446271
 328210294
 2438664696
 2081022888
 1186127473
 2253631406
 2215986641
 3494242107
 4130073313
 2861531598
 3413856969
 4223854147
 1885422226
 1330503065
 2288706882
 1559081067
 1940330650
 3686734106
 4226695758
 714026297
 2076218416
 3134823363
 918766917
 544589532
 1255463192
 2203512611
 3592726520
 2341027960
 2212326385
 3227901979
 2467002959
 2992091237
 3517002725
 3033513326
 3600636485
 1649729585
 2688812077
 1306967583
 896953696
 2047645413
 1988871088
 911868358
 2576628467
 3587455116
 1851767527
 2588148111
 3619809289
 1277765879
 1478307919
 1359064519
 1256767476
 560605127
 145733986
 4027300104
 1814349793
 3049667077
 3381359926
 564100649
 2723992521
 1995801009
 1504553675
 620507709
 2472274205
 1613219563
 1784784469
 908062069
 2504274296
 3360066162
 2314216394
 3917708115
 649222175
 3355050268
 3824968118
 1464608899
 4117958633
 3808493396
 1737567829
 1476749378
 2765013083
 4017661515
 923617024
 830013910
 255687478
 1077267416
 1718942218
 3659833438
 2867490734
 3539135909
 3355528563
 3620537771
 3476475445
 1907665030
 3104052757
 101986748
 1318650521
 2476763431
 1925557966
 972975615
 815324687
 2998042664
 3164096786
 3202268558
 1499434672
 1402721396
 3466004656
 1758116388
 273190195
 2985473967
 2827494457
 2191635288
 380879379
 1185835991
 312676239
 3442561427
 368063966
 2125950179
 2286107651
 1095173745
 1852111021
 1313206763
 162233664
 1495899750
 3343439472
 1464820134
 2522211201
 2839595545
 2164911193
 2779709436
 1454811610
 795664575
 1017817290
 3475942090
 2218521533
 621529841
 3120534335
 3771417282
 853117455
 2153717808
 3452015485
 1574462639
 414555920
 2988863555
 3187252840
 1645593699
 1601102831
 1796830880
 1453300332
 3943108042
 643804780
 4092508385
 1235776940
 2310127035
 1008050466
 4222483667
 1064666266
 1642911541
 3709251279
 1169393227
 2483454723
 1371063078
 1948246536
 1391697109
 3939870846
 1934033813
 1506271469
 3032630205
 4004170987
 1654490908
 1915294466
 1716212362
 1139077366
 962261654
 4014350998
 2155023330
 1981035873
 1279513844
 145928348
 3078941351
 4270686756
 2498711005
 583497136
 3706359903
 735153009
 472555392
 1416575782
 3162721468
 1859402673
 3673214218
 3064391447
 2257390970
 4157743816
 3956834429
 103778459
 1442810757
 1092550350
 832913119
 148127749
 3453102864
 676413017
 1657602629
 2460069231
 1924985367
 1570658745
 1961386425
 246631347
 2630117673
 3741976386
 3527995051
 1182789617
 2631591051
 2636498751
 2002972287
 1914835907
 374538512
 3907281237
 2527460316
 4194672870
 241638289
 1689804938
 4095806945
 1806239500
 872892959
 2879935087
 2662047818
 2262611397
 643208120
 3576696818
 3171168319
 1124123595
 1459501705
 1314341136
 4080302129
 2089863959
 4003655515
 936059819
 2586803366
 2375561355
 1285042572
 2459023167
 3384332281
 4289961207
 675504880
 2131804522
 3422183145
 4204504892
 1516502313
 344277170
 389494199
 235181609
 2212104738
 2317424008
 3199038144
 268387121
 2115687008
 2969960904
 699503911
 3903628818
 3020703551
 3343195285
 926603394
 4028054975
 1715860176
 1746273719
 3401533909
 930524438
 2652505125
 1057914071
 784406384
 3560568642
 234152745
 2883713339
 192627793
 240275123
 387070164
 503105208
 4225381822
 253052746
 113016324
 1381758428
 807951040
 10824232
 4069774920
 1343557578
 1101661573
 1796974569
 3679763054
 587904540
 1183955694
 266846650
 906564358
 3294125339
 4172985194
 423769600
 1575690812
 1499216349
 4037997978
 2171516329
 2103592060
 872640367
 1303625116
 3163842734
 4169135904
 641655462
 2086615974
 549895579
 993004967
 1753292495
 1372509291
 1929634330
 1114989164
 3678597441
 4019012142
 2192525467
 253256664
 2844684196
 869598763
 3547186474
 2102835797
 2798531556
 665053074
 368125883
 2629289122
 2405973235
 166907039
 1847744873
 3615494431
 3603694035
 4232975759
 2314105788
 2678044835
 1388111810
 1268630555
 2405187957
 682550253
 1366186633
 859432237
 314351269
 1306362993
 1192975859
 3779471307
 2232263196
 1766547196
 3957493114
 2332694597
 3898521387
 2555659251
 1333532114
 2829903411
 3093588851
 217629056
 824075208
 4001267071
 3710975100
 4042297109
 1264150221
 4075304123
 2422147069
 2637437380
 380953166
 1238721296
 1980616826
 3528353043
 101198650
 592015208
 4158843529
 351475437
 914173052
 589853061
 2334450757
 2060898201
 1028471182
 1356487090
 2701813102
 4172591373
 2988214
 2042691900
 1200985106
 3243283994
 2667217909
 1341515003
 4109653974
 1785292864
 1333662501
 2829873874
 3872076345
 3393667654
 4049296107
 618633779
 3567357020
 1627933647
 1322956612
 202359320
 1526150479
 1250632840
 712656611
 3395530028
 922575668
 2144366389
 274317968
 2150927536
 1367161948
 398301521
 514147453
 2801486695
 281609767
 3948878493
 3657411686
 814067577
 548759805
 3288466419
 242836982
 1514094947
 3713960923
 2383315733
 2155368103
 3800114561
 348722931
 3817511118
 3030659214
 3078635006
 1537396195
 953822744
 1250292957
 2022679156
 3630234887
 2838442021
 3856738516
 2644792551
 246906545
 76767491
 204670215
 3851906295
 2178192363
 6738639
 1694159161
 686779186
 1942897324
 1448981545
 3122058878
 220564067
 3306737340
 969718266
 2128776965
 2190466627
 2666005423
 3225944504
 2836414575
 862383792
 3280188700
 2792525116
 2963374519
 3750896647
 2520849866
 526475264
 870220606
 279643542
 78542026
 4035882238
 913675346
 914820743
 3556061273
 1389613264
 582844318
 2937357129
 614253582
 477890100
 1507131021
 2328834044
 2958189783
 1754868438
 1732271102
 1834508728
 3110570629
 608807118
 225


