# Created by Octave 6.2.0, Thu May 27 17:10:14 2021 GMT <unknown@DESKTOP-PM2CTTO>
# name: rndstate
# type: uint32 matrix
# ndims: 2
 625 1
 3332571236
 3077960428
 2147597838
 53055822
 1634729267
 2561689385
 391928266
 304931432
 1326826353
 2553397243
 348014315
 1950629022
 3927251263
 3286469415
 390986892
 3845819575
 1468299417
 2611096537
 3807930728
 1599644644
 1061011642
 3845708594
 1274641432
 922309921
 1491239099
 1861817298
 3452659885
 3814995300
 3660812038
 2530612940
 1228541453
 4259930303
 3227447999
 555244899
 2194117392
 1905518563
 1166384680
 2734988722
 1338135943
 381287390
 2292820228
 1644491827
 137822326
 3403892736
 3948256590
 3738830269
 2126773352
 102161821
 2454716225
 2191354298
 1897322363
 2516304085
 1612232372
 3070108546
 1410478580
 3955705657
 2279662683
 747883985
 2309284843
 4152052153
 3033436813
 2697373667
 972488316
 3327594711
 4259971087
 2913171141
 3196039912
 626156477
 2049299473
 1044236335
 1409360959
 2978967521
 959525908
 1314627688
 1430280643
 3609185781
 1405125355
 2940741993
 919638397
 533890451
 2123743267
 1666723594
 376257993
 2265397396
 892947733
 2647779322
 1057572988
 2388383703
 2718272203
 2419152763
 3788065082
 3508307262
 3376570079
 2207900605
 3146926991
 3710864531
 3546221949
 4184731489
 1497775405
 2447536159
 395929478
 3141243772
 1469387262
 535930991
 2646088273
 2689293341
 2256093278
 1390645833
 4114209581
 1291227629
 782944044
 200156295
 2199497609
 2954520661
 1187632049
 870743594
 1495601191
 1251899254
 721687548
 1294287277
 969735103
 2852560529
 2211147917
 1188667656
 3675759448
 2952439707
 3858794360
 3806429078
 716125246
 2956937927
 2159704557
 2424088257
 561239207
 2128549364
 2247538266
 589254798
 1498609157
 1706770584
 3386513810
 1977726915
 3855733928
 749995499
 209980022
 2129086621
 2664679925
 273131853
 814737491
 1375852595
 2069668032
 4253490750
 684434593
 2000235998
 3786999508
 3863785449
 2371345734
 1964428527
 4149317691
 2047839102
 2578417740
 3957972899
 3770777484
 3460178567
 230933360
 3786523053
 589223676
 1157514551
 3100350346
 3113374080
 2888779423
 4241644356
 1211983427
 1174517533
 1712442343
 1978933296
 3435928248
 1336084983
 3120423755
 2642838611
 2966399131
 3349603167
 418310269
 2731751632
 3792877895
 2137746954
 1041561182
 2405966862
 2161095813
 2125541465
 1725142137
 3413890851
 3360096182
 3855398682
 3457161308
 3992547725
 2113408604
 4027633999
 290734757
 1458324850
 2057121588
 1154904372
 340168180
 700338812
 3766471625
 1523767201
 2539023557
 2948159811
 1779260587
 482990009
 1091571460
 3999890101
 3686415816
 1503671941
 4104310771
 1929511774
 3934048238
 3042694473
 3511526721
 271465132
 2758162079
 3051175001
 3458274180
 2770360088
 3803876786
 456248072
 2901400433
 2570081003
 528599045
 263774274
 856183779
 4102270760
 1918856061
 4017344159
 2123178040
 2852823478
 1512396750
 3798290991
 3298589714
 1684861720
 3155272957
 2773842072
 3660385451
 3429312293
 3276673565
 2864545201
 2962586009
 1002842392
 397552249
 1966507974
 1733750606
 3518977215
 2127174765
 3411019212
 922666261
 2483058830
 81129960
 3280209490
 3681308784
 3823748531
 2004304145
 614486518
 3216592447
 4003908897
 2789759536
 1310068267
 3137869647
 3229743882
 252241028
 2078677583
 2095761930
 1592041251
 1411771009
 1722482424
 269291341
 3969837154
 1939166169
 1817041298
 1572381925
 3390617149
 4218242358
 3644254296
 4280353714
 3577221414
 3780504309
 431164905
 3397233996
 3484189998
 1123747407
 564264332
 2674654635
 3386542628
 3662888822
 3936047615
 3257736980
 1399270094
 2627863202
 1295956364
 1240976912
 3573718250
 2610493111
 1058896167
 659799118
 1362378076
 100279756
 3940302412
 3394447674
 2760762706
 2727146012
 2356660338
 2308662863
 836419493
 2884097960
 192390903
 2053488958
 609160083
 1118991593
 1270718184
 374832569
 3062394836
 4128449502
 1917918527
 4037061748
 17928980
 2136737087
 2707375617
 1360861164
 3498699929
 4078106891
 3108622231
 1017280237
 297873143
 3220169161
 3890138484
 2289397633
 3769253345
 389342407
 2381551066
 4121833369
 1873039849
 1996879586
 3726283027
 683090429
 3603934363
 2230543365
 2172106365
 123918559
 4043100482
 3196503811
 480692374
 3550624825
 3456330728
 553536653
 3003672560
 309866046
 1889547902
 97580037
 6527745
 2086149331
 3440480118
 2967071488
 3531636990
 1477590894
 1805389837
 1495716288
 4029460197
 1936564005
 140928558
 605398983
 175351690
 1368085613
 42088641
 2683532179
 3039091090
 2253980591
 894552731
 3133607445
 2844971781
 751529809
 2079678254
 1397079115
 1032589597
 4203116786
 946102890
 3037073227
 256328
 4030491702
 489784434
 3416585967
 4020980754
 1357697990
 4081718962
 70415960
 1810073280
 3804162501
 1709516366
 3712922023
 701030093
 1290890210
 1244422484
 2719357888
 3761816708
 206680049
 1600397194
 1045802530
 1659948616
 333030561
 445103619
 1620900394
 3381083403
 3134639938
 967368682
 2367573290
 114825393
 2070537395
 2358707695
 2832248375
 3366516888
 120851471
 3764823033
 1086114745
 2381296396
 2828235143
 2889098351
 4088076960
 3577911229
 2814331032
 3573872328
 1179326257
 2800366255
 3386168498
 1461182045
 3434073625
 1458282855
 58126605
 636474478
 3884772108
 4085507512
 2549121738
 4229750118
 3520991712
 4281694315
 694152714
 1122294953
 97384492
 951350804
 3882841122
 2487140411
 325790713
 4139386252
 1045362550
 555600954
 2573263287
 3256868993
 434399512
 3491991383
 2290057494
 110348917
 2574772603
 2312925248
 284866524
 37200446
 3397018858
 2301919781
 3378176964
 2083776634
 3125222451
 418333771
 4142010658
 3876835432
 749901262
 2835629339
 1844872108
 884333114
 3872543174
 2738758050
 1542719286
 516698240
 2270167805
 1826613643
 2681640930
 1722591985
 262073549
 1852709619
 1758800153
 2992637504
 3536414320
 3367905487
 2122520185
 1328488271
 3657409706
 2032008606
 625995176
 4205357776
 2799108737
 2709001919
 4120877238
 935055275
 494165429
 2690611606
 3571363509
 2759708828
 1643856413
 1124292767
 3723038644
 2667029859
 1308402588
 1542956587
 3634842062
 2238553319
 2359410138
 2936910349
 386776490
 642443167
 951696967
 2224191140
 4196651255
 1796412382
 3161518463
 3009659200
 2948254506
 1578424321
 4002935521
 551941086
 37273420
 3254787710
 2066661731
 836460415
 159452387
 2376851965
 3719626676
 276278963
 2048712837
 87135661
 3372477400
 2484628247
 714635748
 834600740
 2677522855
 1890808863
 1877608850
 854736824
 1176771588
 2371842231
 2072516798
 3240904594
 3079082084
 3225904501
 482295414
 3367135780
 2666202861
 1690075288
 137563692
 2942420111
 2169552127
 795635803
 830784164
 1142055689
 3891351266
 3557194076
 1187543325
 605038627
 79097349
 4011267597
 325379843
 869116518
 205690465
 2213668160
 1436961318
 1216270452
 3666538550
 646271360
 3725303
 3656784573
 4233793219
 3842369888
 2755775170
 3695835666
 305151921
 1122553171
 2432088639
 2570004362
 1797616458
 1644809390
 344139793
 815313591
 3377284721
 2065864024
 3874835986
 3668460840
 1387172689
 4185299362
 2377674154
 1047514436
 4076769386
 127486478
 3605676780
 2468366655
 1131556081
 3853145651
 1311453189
 1371480627
 126399091
 750282293
 1925544245
 4051650427
 1623674048
 2767241340
 3501538694
 3169732196
 3883914634
 1377157751
 185769559
 2620309952
 452366049
 1604022701
 3915632725
 2981177217
 454726380
 1433313589
 2850244321
 2701881620
 471658689
 1065280237
 2946780422
 1872817104
 241


